N=20
X: 
9 9 1 9 5 4 9 6 9 9 9 9 9 9 9 9 1 9 9 5 
E: 
0 0 0 2 0 0 2 0 0 0 0 0 0 0 0 0 0 0 0 0 
0 0 0 2 0 0 0 0 0 0 0 0 0 0 0 0 0 2 0 0 
0 0 0 0 0 0 0 0 2 0 0 0 0 0 0 0 0 0 0 0 
2 2 0 0 0 0 0 0 0 0 0 0 0 0 0 0 0 0 0 0 
0 0 0 0 0 0 0 0 0 1 0 0 0 0 0 0 0 0 0 0 
0 0 0 0 0 0 0 0 2 0 0 1 0 0 0 0 0 0 0 0 
2 0 0 0 0 0 0 0 0 0 0 2 0 2 0 0 0 0 0 0 
0 0 0 0 0 0 0 0 0 0 1 0 0 0 1 0 0 0 0 0 
0 0 2 0 0 2 0 0 0 0 0 0 0 2 0 0 2 0 0 0 
0 0 0 0 1 0 0 0 0 0 0 0 2 0 1 0 0 0 0 0 
0 0 0 0 0 0 0 1 0 0 0 0 2 0 0 2 0 0 0 0 
0 0 0 0 0 1 2 0 0 0 0 0 2 0 0 0 0 0 0 0 
0 0 0 0 0 0 0 0 0 2 2 2 0 0 0 0 0 0 0 0 
0 0 0 0 0 0 2 0 2 0 0 0 0 0 0 0 0 0 0 0 
0 0 0 0 0 0 0 1 0 1 0 0 0 0 0 0 0 0 0 0 
0 0 0 0 0 0 0 0 0 0 2 0 0 0 0 0 0 0 2 0 
0 0 0 0 0 0 0 0 2 0 0 0 0 0 0 0 0 0 0 0 
0 2 0 0 0 0 0 0 0 0 0 0 0 0 0 0 0 0 2 2 
0 0 0 0 0 0 0 0 0 0 0 0 0 0 0 2 0 2 0 0 
0 0 0 0 0 0 0 0 0 0 0 0 0 0 0 0 0 2 0 0 

N=20
X: 
9 9 9 4 9 9 9 9 9 9 9 9 4 9 9 9 9 9 9 2 
E: 
0 0 2 0 0 2 2 2 0 0 2 0 0 2 0 2 0 0 2 0 
0 0 2 0 0 0 0 2 2 2 0 0 0 0 0 0 0 0 0 0 
2 2 0 0 0 2 2 2 0 0 0 0 0 2 0 2 2 2 2 0 
0 0 0 0 0 0 0 0 0 0 0 0 0 0 0 0 0 2 0 2 
0 0 0 0 0 0 0 2 0 2 0 2 0 2 0 2 2 2 0 0 
2 0 2 0 0 0 2 2 0 0 2 0 0 2 0 2 0 0 2 0 
2 0 2 0 0 2 0 2 0 0 2 0 2 2 0 2 2 0 2 0 
2 2 2 0 2 2 2 0 0 0 0 0 0 2 0 0 2 2 2 0 
0 2 0 0 0 0 0 0 0 1 0 0 0 0 2 0 0 0 0 0 
0 2 0 0 2 0 0 0 1 0 0 2 0 0 0 0 2 0 0 0 
2 0 0 0 0 2 2 0 0 0 0 0 0 2 0 0 0 0 2 0 
0 0 0 0 2 0 0 0 0 2 0 0 0 0 2 0 0 0 0 0 
0 0 0 0 0 0 2 0 0 0 0 0 0 0 0 2 2 0 2 0 
2 0 2 0 2 2 2 2 0 0 2 0 0 0 0 2 2 0 2 0 
0 0 0 0 0 0 0 0 2 0 0 2 0 0 0 0 2 0 0 0 
2 0 2 0 2 2 2 0 0 0 0 0 2 2 0 0 0 0 2 0 
0 0 2 0 2 0 2 2 0 2 0 0 2 2 2 0 0 0 2 0 
0 0 2 2 2 0 0 2 0 0 0 0 0 0 0 0 0 0 0 0 
2 0 2 0 0 2 2 2 0 0 2 0 2 2 0 2 2 0 0 0 
0 0 0 2 0 0 0 0 0 0 0 0 0 0 0 0 0 0 0 0 

N=20
X: 
9 9 9 9 9 9 1 9 9 9 9 8 9 9 9 1 9 9 9 9 
E: 
0 0 0 0 0 0 0 2 2 0 0 0 0 0 0 0 2 0 0 0 
0 0 0 0 0 1 0 0 0 0 0 0 2 0 0 0 0 0 2 1 
0 0 0 2 0 0 0 2 0 0 2 0 0 2 0 0 0 0 0 0 
0 0 2 0 0 0 0 0 0 0 0 0 2 0 0 0 0 2 0 1 
0 0 0 0 0 0 0 0 0 0 2 1 0 0 2 0 0 0 0 0 
0 1 0 0 0 0 0 0 0 2 0 0 0 1 0 0 0 0 0 0 
0 0 0 0 0 0 0 0 0 0 1 0 0 0 0 0 0 0 0 0 
2 0 2 0 0 0 0 0 2 0 0 0 0 0 0 0 2 2 0 2 
2 0 0 0 0 0 0 2 0 0 0 0 2 0 0 0 2 0 0 0 
0 0 0 0 0 2 0 0 0 0 0 0 2 0 0 0 0 0 2 1 
0 0 2 0 2 0 1 0 0 0 0 0 0 0 2 0 0 0 0 0 
0 0 0 0 1 0 0 0 0 0 0 0 0 1 0 0 0 0 0 0 
0 2 0 2 0 0 0 0 2 2 0 0 0 0 0 0 0 2 0 2 
0 0 2 0 0 1 0 0 0 0 0 1 0 0 0 0 0 0 0 1 
0 0 0 0 2 0 0 0 0 0 2 0 0 0 0 2 0 0 0 0 
0 0 0 0 0 0 0 0 0 0 0 0 0 0 2 0 0 0 0 0 
2 0 0 0 0 0 0 2 2 0 0 0 0 0 0 0 0 0 0 0 
0 0 0 2 0 0 0 2 0 0 0 0 2 0 0 0 0 0 0 0 
0 2 0 0 0 0 0 0 0 2 0 0 0 0 0 0 0 0 0 0 
0 1 0 1 0 0 0 2 0 1 0 0 2 1 0 0 0 0 0 0 

N=20
X: 
9 9 9 9 9 9 9 9 9 9 2 9 6 9 9 9 9 1 7 9 
E: 
0 2 1 0 0 0 0 0 0 0 0 0 0 0 0 0 0 0 0 2 
2 0 0 1 0 0 0 2 0 0 0 0 0 0 0 0 0 0 0 0 
1 0 0 0 0 0 0 1 0 0 0 0 2 0 0 0 0 0 0 0 
0 1 0 0 0 0 0 0 0 0 0 0 0 0 0 0 0 0 0 1 
0 0 0 0 0 0 2 0 2 2 0 2 0 2 0 2 0 0 0 0 
0 0 0 0 0 0 0 0 0 1 0 0 0 1 0 2 0 0 0 0 
0 0 0 0 2 0 0 0 2 2 0 2 0 2 0 2 1 0 0 0 
0 2 1 0 0 0 0 0 0 0 0 0 2 0 0 0 0 0 0 0 
0 0 0 0 2 0 2 0 0 2 0 2 0 2 2 2 0 0 0 0 
0 0 0 0 2 1 2 0 2 0 0 2 0 2 2 2 0 0 0 0 
0 0 0 0 0 0 0 0 0 0 0 0 1 0 0 0 0 0 0 0 
0 0 0 0 2 0 2 0 2 2 0 0 0 2 2 2 0 0 0 0 
0 0 2 0 0 0 0 2 0 0 1 0 0 0 0 0 0 0 0 0 
0 0 0 0 2 1 2 0 2 2 0 2 0 0 2 2 1 0 0 0 
0 0 0 0 0 0 0 0 2 2 0 2 0 2 0 2 0 2 2 0 
0 0 0 0 2 2 2 0 2 2 0 2 0 2 2 0 0 0 0 2 
0 0 0 0 0 0 1 0 0 0 0 0 0 1 0 0 0 0 0 0 
0 0 0 0 0 0 0 0 0 0 0 0 0 0 2 0 0 0 0 0 
0 0 0 0 0 0 0 0 0 0 0 0 0 0 2 0 0 0 0 0 
2 0 0 1 0 0 0 0 0 0 0 0 0 0 0 2 0 0 0 0 

N=20
X: 
2 9 9 9 9 9 1 9 9 9 9 4 9 9 9 3 9 9 9 9 
E: 
0 0 0 0 0 0 0 2 0 0 0 0 0 0 0 2 0 0 0 0 
0 0 0 0 0 0 0 0 0 0 2 0 0 0 2 0 0 0 0 0 
0 0 0 0 0 0 0 0 2 0 0 0 2 0 0 0 2 0 0 0 
0 0 0 0 0 0 0 0 0 0 0 0 0 0 0 0 0 0 2 0 
0 0 0 0 0 2 0 0 0 0 0 0 0 0 2 0 0 0 0 0 
0 0 0 0 2 0 0 0 0 0 0 0 0 2 0 0 0 0 0 0 
0 0 0 0 0 0 0 0 0 0 0 0 0 0 0 2 0 0 0 0 
2 0 0 0 0 0 0 0 0 0 0 0 0 0 0 2 0 0 0 0 
0 0 2 0 0 0 0 0 0 0 0 0 2 0 0 0 0 0 0 0 
0 0 0 0 0 0 0 0 0 0 0 0 0 2 0 0 0 0 2 0 
0 2 0 0 0 0 0 0 0 0 0 0 0 0 2 0 0 0 0 0 
0 0 0 0 0 0 0 0 0 0 0 0 1 0 0 0 1 0 0 0 
0 0 2 0 0 0 0 0 2 0 0 1 0 0 0 0 0 0 0 0 
0 0 0 0 0 2 0 0 0 2 0 0 0 0 0 0 0 0 0 0 
0 2 0 0 2 0 0 0 0 0 2 0 0 0 0 0 1 0 0 0 
2 0 0 0 0 0 2 2 0 0 0 0 0 0 0 0 0 0 0 0 
0 0 2 0 0 0 0 0 0 0 0 1 0 0 1 0 0 0 0 0 
0 0 0 0 0 0 0 0 0 0 0 0 0 0 0 0 0 0 2 2 
0 0 0 2 0 0 0 0 0 2 0 0 0 0 0 0 0 2 0 0 
0 0 0 0 0 0 0 0 0 0 0 0 0 0 0 0 0 2 0 0 

N=20
X: 
9 9 9 9 9 9 9 9 9 9 9 9 9 9 9 9 3 9 9 1 
E: 
0 0 0 2 0 0 0 0 0 2 0 0 0 2 0 0 0 0 0 0 
0 0 0 0 0 0 0 2 2 0 0 0 2 0 0 2 0 2 0 0 
0 0 0 0 0 0 0 0 0 0 0 0 2 0 0 0 2 0 2 0 
2 0 0 0 2 0 2 0 2 0 0 2 0 1 0 2 0 0 2 0 
0 0 0 2 0 2 0 0 2 0 0 0 0 0 0 0 0 2 0 0 
0 0 0 0 2 0 0 0 0 0 2 0 0 2 2 0 0 0 0 0 
0 0 0 2 0 0 0 0 0 0 0 0 0 0 2 2 0 0 0 0 
0 2 0 0 0 0 0 0 0 0 0 0 2 0 0 0 0 2 0 0 
0 2 0 2 2 0 0 0 0 0 0 0 0 2 0 0 0 0 0 0 
2 0 0 0 0 0 0 0 0 0 0 0 0 0 2 2 0 0 0 0 
0 0 0 0 0 2 0 0 0 0 0 0 0 2 0 2 0 0 0 0 
0 0 0 2 0 0 0 0 0 0 0 0 0 2 0 0 0 0 0 0 
0 2 2 0 0 0 0 2 0 0 0 0 0 2 0 0 0 0 0 0 
2 0 0 1 0 2 0 0 2 0 2 2 2 0 0 0 0 0 0 0 
0 0 0 0 0 2 2 0 0 2 0 0 0 0 0 0 0 2 0 0 
0 2 0 2 0 0 2 0 0 2 2 0 0 0 0 0 0 0 0 0 
0 0 2 0 0 0 0 0 0 0 0 0 0 0 0 0 0 0 0 2 
0 2 0 0 2 0 0 2 0 0 0 0 0 0 2 0 0 0 0 0 
0 0 2 2 0 0 0 0 0 0 0 0 0 0 0 0 0 0 0 0 
0 0 0 0 0 0 0 0 0 0 0 0 0 0 0 0 2 0 0 0 

N=20
X: 
9 9 9 9 9 9 9 9 2 9 9 9 9 9 9 9 9 9 9 9 
E: 
0 0 0 0 0 0 2 0 0 0 0 0 0 0 0 0 0 0 0 2 
0 0 0 0 0 0 0 0 2 2 0 0 0 0 0 0 0 2 0 0 
0 0 0 0 0 0 0 1 0 0 0 0 0 0 1 0 0 0 0 0 
0 0 0 0 0 0 0 0 0 0 0 2 0 0 0 0 0 0 2 0 
0 0 0 0 0 0 0 0 0 2 2 0 0 0 0 0 2 0 0 0 
0 0 0 0 0 0 0 0 0 0 0 0 2 2 0 2 0 0 0 2 
2 0 0 0 0 0 0 0 0 2 0 0 0 0 0 2 0 0 0 0 
0 0 1 0 0 0 0 0 0 0 0 0 0 0 0 0 0 0 0 0 
0 2 0 0 0 0 0 0 0 0 0 0 0 0 0 0 0 0 0 0 
0 2 0 0 2 0 2 0 0 0 0 0 0 0 0 0 0 0 0 0 
0 0 0 0 2 0 0 0 0 0 0 0 0 0 2 0 0 0 0 0 
0 0 0 2 0 0 0 0 0 0 0 0 2 0 0 0 0 0 2 0 
0 0 0 0 0 2 0 0 0 0 0 2 0 2 0 0 0 0 0 0 
0 0 0 0 0 2 0 0 0 0 0 0 2 0 0 0 2 2 0 0 
0 0 1 0 0 0 0 0 0 0 2 0 0 0 0 0 0 0 0 0 
0 0 0 0 0 2 2 0 0 0 0 0 0 0 0 0 0 0 0 0 
0 0 0 0 2 0 0 0 0 0 0 0 0 2 0 0 0 0 0 2 
0 2 0 0 0 0 0 0 0 0 0 0 0 2 0 0 0 0 0 0 
0 0 0 2 0 0 0 0 0 0 0 2 0 0 0 0 0 0 0 0 
2 0 0 0 0 2 0 0 0 0 0 0 0 0 0 0 2 0 0 0 

N=20
X: 
9 9 9 9 7 9 9 9 9 6 9 9 9 1 9 9 9 9 9 9 
E: 
0 0 0 0 0 0 0 0 0 0 2 0 0 0 0 0 1 0 2 0 
0 0 0 0 0 0 0 0 0 0 0 0 0 0 2 1 0 0 0 0 
0 0 0 0 1 2 0 1 0 0 0 0 0 0 0 0 0 0 0 0 
0 0 0 0 0 0 0 0 0 0 0 2 0 0 0 0 0 0 0 2 
0 0 1 0 0 0 0 0 0 2 0 0 0 0 0 0 0 0 0 0 
0 0 2 0 0 0 0 0 0 0 0 0 0 0 0 0 0 0 2 0 
0 0 0 0 0 0 0 0 2 0 2 0 0 0 0 0 0 0 2 0 
0 0 1 0 0 0 0 0 0 0 0 0 0 0 0 0 1 0 0 0 
0 0 0 0 0 0 2 0 0 0 2 0 0 0 1 0 0 0 2 0 
0 0 0 0 2 0 0 0 0 0 0 0 0 0 0 0 0 0 0 0 
2 0 0 0 0 0 2 0 2 0 0 0 0 0 0 0 0 0 2 0 
0 0 0 2 0 0 0 0 0 0 0 0 0 0 0 0 0 0 0 2 
0 0 0 0 0 0 0 0 0 0 0 0 0 2 0 0 0 0 0 2 
0 0 0 0 0 0 0 0 0 0 0 0 2 0 0 0 0 0 0 0 
0 2 0 0 0 0 0 0 1 0 0 0 0 0 0 1 0 0 0 0 
0 1 0 0 0 0 0 0 0 0 0 0 0 0 1 0 0 0 0 0 
1 0 0 0 0 0 0 1 0 0 0 0 0 0 0 0 0 1 0 0 
0 0 0 0 0 0 0 0 0 0 0 0 0 0 0 0 1 0 0 2 
2 0 0 0 0 2 2 0 2 0 2 0 0 0 0 0 0 0 0 0 
0 0 0 2 0 0 0 0 0 0 0 2 2 0 0 0 0 2 0 0 

N=20
X: 
9 9 2 9 9 9 9 9 9 9 9 9 9 9 9 9 9 8 9 9 
E: 
0 2 0 0 0 0 0 0 0 0 0 0 2 0 0 1 0 0 2 2 
2 0 0 0 0 0 0 0 0 0 0 0 0 0 2 0 0 0 0 0 
0 0 0 0 0 0 0 0 0 0 0 0 0 0 0 0 0 2 0 0 
0 0 0 0 1 0 2 0 0 0 2 1 2 0 2 2 0 0 0 2 
0 0 0 1 0 0 2 0 0 0 0 0 0 0 0 1 0 0 0 0 
0 0 0 0 0 0 0 0 0 0 2 0 0 2 0 2 0 0 0 0 
0 0 0 2 2 0 0 0 0 0 2 0 0 0 0 0 0 0 0 0 
0 0 0 0 0 0 0 0 0 0 2 1 2 0 0 0 2 0 0 0 
0 0 0 0 0 0 0 0 0 1 0 0 0 0 1 1 0 0 0 0 
0 0 0 0 0 0 0 0 1 0 0 0 0 0 0 1 0 2 0 0 
0 0 0 2 0 2 2 2 0 0 0 0 0 2 0 1 0 0 2 0 
0 0 0 1 0 0 0 1 0 0 0 0 2 0 0 0 0 0 0 0 
2 0 0 2 0 0 0 2 0 0 0 2 0 2 2 0 0 0 0 0 
0 0 0 0 0 2 0 0 0 0 2 0 2 0 0 0 0 0 0 0 
0 2 0 2 0 0 0 0 1 0 0 0 2 0 0 1 1 0 0 0 
1 0 0 2 1 2 0 0 1 1 1 0 0 0 1 0 1 0 0 2 
0 0 0 0 0 0 0 2 0 0 0 0 0 0 1 1 0 0 0 0 
0 0 2 0 0 0 0 0 0 2 0 0 0 0 0 0 0 0 0 0 
2 0 0 0 0 0 0 0 0 0 2 0 0 0 0 0 0 0 0 0 
2 0 0 2 0 0 0 0 0 0 0 0 0 0 0 2 0 0 0 0 

N=20
X: 
9 9 9 9 9 9 9 1 6 9 3 9 1 1 9 9 9 9 9 9 
E: 
0 0 0 0 2 0 0 0 0 0 0 0 0 2 0 0 2 2 0 0 
0 0 1 0 0 0 0 0 0 0 0 1 0 0 0 0 0 0 1 0 
0 1 0 0 0 0 0 0 0 0 1 0 0 0 0 0 0 0 0 0 
0 0 0 0 0 2 0 0 0 0 2 0 0 0 0 0 0 0 0 0 
2 0 0 0 0 0 0 0 0 0 0 0 0 0 0 0 0 0 0 0 
0 0 0 2 0 0 2 0 0 0 0 0 0 0 0 0 0 0 0 0 
0 0 0 0 0 2 0 0 2 0 0 0 2 0 0 2 0 0 0 2 
0 0 0 0 0 0 0 0 0 0 2 0 0 0 0 0 0 0 0 0 
0 0 0 0 0 0 2 0 0 0 0 0 0 0 0 0 0 0 0 2 
0 0 0 0 0 0 0 0 0 0 0 0 0 0 0 0 2 2 2 0 
0 0 1 2 0 0 0 2 0 0 0 0 0 0 0 0 0 0 0 0 
0 1 0 0 0 0 0 0 0 0 0 0 0 0 1 0 0 0 0 0 
0 0 0 0 0 0 2 0 0 0 0 0 0 0 0 0 0 0 0 0 
2 0 0 0 0 0 0 0 0 0 0 0 0 0 0 0 0 0 0 0 
0 0 0 0 0 0 0 0 0 0 0 1 0 0 0 0 0 0 2 0 
0 0 0 0 0 0 2 0 0 0 0 0 0 0 0 0 0 0 0 2 
2 0 0 0 0 0 0 0 0 2 0 0 0 0 0 0 0 2 0 0 
2 0 0 0 0 0 0 0 0 2 0 0 0 0 0 0 2 0 0 0 
0 1 0 0 0 0 0 0 0 2 0 0 0 0 2 0 0 0 0 0 
0 0 0 0 0 0 2 0 2 0 0 0 0 0 0 2 0 0 0 0 

N=20
X: 
4 9 9 9 8 9 9 9 9 8 9 9 9 9 1 9 9 1 1 9 
E: 
0 0 0 0 0 2 0 0 0 0 0 0 0 0 0 0 0 0 0 2 
0 0 0 2 0 0 0 0 0 0 0 2 0 0 0 0 0 0 0 0 
0 0 0 0 0 0 0 0 0 0 0 0 0 0 0 2 0 0 0 0 
0 2 0 0 0 0 0 0 0 0 0 0 2 0 0 0 0 0 0 0 
0 0 0 0 0 0 0 0 0 0 2 0 0 0 2 0 0 0 0 2 
2 0 0 0 0 0 0 2 2 0 0 0 2 0 0 0 0 0 0 0 
0 0 0 0 0 0 0 0 1 0 1 0 0 2 0 0 0 0 0 0 
0 0 0 0 0 2 0 0 0 0 0 0 2 0 0 0 0 0 0 0 
0 0 0 0 0 2 1 0 0 2 0 0 0 0 0 0 0 0 0 0 
0 0 0 0 0 0 0 0 2 0 0 0 0 2 0 0 0 0 0 0 
0 0 0 0 2 0 1 0 0 0 0 0 0 0 0 0 0 2 0 0 
0 2 0 0 0 0 0 0 0 0 0 0 0 0 0 0 2 0 0 0 
0 0 0 2 0 2 0 2 0 0 0 0 0 0 0 2 2 0 0 0 
0 0 0 0 0 0 2 0 0 2 0 0 0 0 0 0 0 0 0 0 
0 0 0 0 2 0 0 0 0 0 0 0 0 0 0 0 0 0 0 0 
0 0 2 0 0 0 0 0 0 0 0 0 2 0 0 0 0 0 0 0 
0 0 0 0 0 0 0 0 0 0 0 2 2 0 0 0 0 0 0 0 
0 0 0 0 0 0 0 0 0 0 2 0 0 0 0 0 0 0 0 0 
0 0 0 0 0 0 0 0 0 0 0 0 0 0 0 0 0 0 0 2 
2 0 0 0 2 0 0 0 0 0 0 0 0 0 0 0 0 0 2 0 

N=20
X: 
1 1 3 9 9 9 9 9 9 9 9 9 9 4 1 3 9 9 2 9 
E: 
0 0 0 0 0 0 2 0 0 0 0 0 0 0 0 0 0 0 0 0 
0 0 0 0 0 0 2 0 0 0 0 0 0 0 0 0 0 0 0 0 
0 0 0 0 0 0 2 0 0 0 0 0 0 0 0 0 0 0 2 0 
0 0 0 0 0 0 0 0 0 0 2 0 2 0 0 0 0 0 0 0 
0 0 0 0 0 2 0 0 0 0 0 0 0 0 0 0 0 2 0 0 
0 0 0 0 2 0 0 0 0 0 0 0 0 0 0 0 0 2 0 0 
2 2 2 0 0 0 0 0 0 2 0 0 0 0 2 2 0 0 2 0 
0 0 0 0 0 0 0 0 2 0 0 0 2 0 0 0 0 0 0 0 
0 0 0 0 0 0 0 2 0 2 0 0 0 0 0 0 0 0 0 0 
0 0 0 0 0 0 2 0 2 0 0 0 0 0 0 2 0 0 0 0 
0 0 0 2 0 0 0 0 0 0 0 0 0 0 0 0 2 0 0 0 
0 0 0 0 0 0 0 0 0 0 0 0 0 1 0 0 0 2 0 2 
0 0 0 2 0 0 0 2 0 0 0 0 0 0 0 0 2 0 0 0 
0 0 0 0 0 0 0 0 0 0 0 1 0 0 0 0 1 0 0 0 
0 0 0 0 0 0 2 0 0 0 0 0 0 0 0 0 0 0 0 0 
0 0 0 0 0 0 2 0 0 2 0 0 0 0 0 0 0 0 2 0 
0 0 0 0 0 0 0 0 0 0 2 0 2 1 0 0 0 0 0 2 
0 0 0 0 2 2 0 0 0 0 0 2 0 0 0 0 0 0 0 0 
0 0 2 0 0 0 2 0 0 0 0 0 0 0 0 2 0 0 0 0 
0 0 0 0 0 0 0 0 0 0 0 2 0 0 0 0 2 0 0 0 

N=20
X: 
9 9 1 9 9 9 1 3 9 9 9 9 5 9 9 9 9 9 1 9 
E: 
0 2 0 0 0 2 0 0 2 0 0 2 0 0 0 0 0 0 0 2 
2 0 0 0 0 0 0 0 1 0 0 2 0 0 0 0 0 0 0 0 
0 0 0 1 0 0 0 1 0 0 0 0 0 0 0 0 0 0 0 0 
0 0 1 0 0 0 0 0 0 1 0 0 0 1 0 0 0 0 1 0 
0 0 0 0 0 2 0 0 0 2 0 0 0 0 0 0 0 0 0 0 
2 0 0 0 2 0 0 0 2 0 2 0 0 0 0 0 0 0 0 0 
0 0 0 0 0 0 0 1 0 0 0 0 0 0 0 0 0 0 0 0 
0 0 1 0 0 0 1 0 0 0 0 0 0 0 0 0 0 1 0 0 
2 1 0 0 0 2 0 0 0 0 0 1 0 0 2 0 1 0 0 1 
0 0 0 1 2 0 0 0 0 0 0 0 0 0 2 0 0 0 0 0 
0 0 0 0 0 2 0 0 0 0 0 0 2 0 0 2 0 0 0 0 
2 2 0 0 0 0 0 0 1 0 0 0 0 0 0 0 0 0 0 2 
0 0 0 0 0 0 0 0 0 0 2 0 0 0 0 0 0 0 0 0 
0 0 0 1 0 0 0 0 0 0 0 0 0 0 0 0 0 2 0 0 
0 0 0 0 0 0 0 0 2 2 0 0 0 0 0 0 2 0 0 0 
0 0 0 0 0 0 0 0 0 0 2 0 0 0 0 0 0 0 0 0 
0 0 0 0 0 0 0 0 1 0 0 0 0 0 2 0 0 0 0 0 
0 0 0 0 0 0 0 1 0 0 0 0 0 2 0 0 0 0 0 0 
0 0 0 1 0 0 0 0 0 0 0 0 0 0 0 0 0 0 0 0 
2 0 0 0 0 0 0 0 1 0 0 2 0 0 0 0 0 0 0 0 

N=20
X: 
9 4 9 2 9 9 9 9 9 9 9 9 9 9 9 9 9 9 9 9 
E: 
0 0 2 0 2 2 2 0 2 2 0 0 2 2 2 2 0 2 0 0 
0 0 0 0 0 0 0 2 0 0 0 0 0 0 0 0 0 0 0 1 
2 0 0 0 2 2 2 0 2 2 2 2 2 2 2 2 0 2 0 0 
0 0 0 0 0 0 0 0 0 0 0 0 0 0 0 0 0 0 0 1 
2 0 2 0 0 0 2 0 2 2 0 0 2 0 0 2 0 0 0 0 
2 0 2 0 0 0 2 0 2 2 2 0 2 2 0 2 2 2 0 0 
2 0 2 0 2 2 0 0 2 2 2 0 2 2 0 2 2 2 0 0 
0 2 0 0 0 0 0 0 0 0 0 0 0 0 2 0 0 0 2 0 
2 0 2 0 2 2 2 0 0 2 0 0 2 2 0 2 0 0 0 0 
2 0 2 0 2 2 2 0 2 0 0 0 2 2 0 2 0 2 1 0 
0 0 2 0 0 2 2 0 0 0 0 0 0 2 0 2 0 0 0 0 
0 0 2 0 0 0 0 0 0 0 0 0 0 0 0 0 2 2 0 0 
2 0 2 0 2 2 2 0 2 2 0 0 0 2 0 2 0 2 1 0 
2 0 2 0 0 2 2 0 2 2 2 0 2 0 0 2 2 2 0 0 
2 0 2 0 0 0 0 2 0 0 0 0 0 0 0 0 0 0 2 0 
2 0 2 0 2 2 2 0 2 2 2 0 2 2 0 0 2 2 0 0 
0 0 0 0 0 2 2 0 0 0 0 2 0 2 0 2 0 0 0 0 
2 0 2 0 0 2 2 0 0 2 0 2 2 2 0 2 0 0 0 0 
0 0 0 0 0 0 0 2 0 1 0 0 1 0 2 0 0 0 0 1 
0 1 0 1 0 0 0 0 0 0 0 0 0 0 0 0 0 0 1 0 

N=20
X: 
1 9 9 9 9 9 9 9 9 9 9 9 9 9 9 9 9 9 9 9 
E: 
0 0 0 0 0 0 0 0 0 0 0 0 0 0 0 0 0 0 0 0 
0 0 0 0 0 0 0 2 0 0 0 0 0 0 0 0 0 2 2 2 
0 0 0 0 0 0 0 0 0 2 0 0 0 0 0 0 0 0 0 2 
0 0 0 0 2 2 0 0 2 0 0 2 2 0 2 2 2 0 2 0 
0 0 0 2 0 2 2 0 2 0 2 2 2 0 2 2 2 0 2 0 
0 0 0 2 2 0 2 2 2 0 0 2 2 0 2 2 2 2 2 0 
0 0 0 0 2 2 0 0 2 0 2 2 2 0 2 2 2 0 2 0 
0 2 0 0 0 2 0 0 0 0 0 0 0 2 0 0 0 0 2 0 
0 0 0 2 2 2 2 0 0 0 0 2 2 0 2 2 2 0 2 0 
0 0 2 0 0 0 0 0 0 0 0 2 0 0 0 0 0 0 0 0 
0 0 0 0 2 0 2 0 0 0 0 0 0 2 0 0 0 0 2 0 
0 0 0 2 2 2 2 0 2 2 0 0 0 0 0 0 0 0 2 0 
0 0 0 2 2 2 2 0 2 0 0 0 0 0 2 2 0 0 2 0 
0 0 0 0 0 0 0 2 0 0 2 0 0 0 0 0 2 0 0 0 
0 0 0 2 2 2 2 0 2 0 0 0 2 0 0 2 2 0 2 0 
0 0 0 2 2 2 2 0 2 0 0 0 2 0 2 0 2 0 0 0 
0 0 0 2 2 2 2 0 2 0 0 0 0 2 2 2 0 0 2 0 
0 2 0 0 0 2 0 0 0 0 0 0 0 0 0 0 0 0 2 0 
0 2 0 2 2 2 2 2 2 0 2 2 2 0 2 0 2 2 0 0 
0 2 2 0 0 0 0 0 0 0 0 0 0 0 0 0 0 0 0 0 

N=20
X: 
9 9 9 9 9 1 2 9 9 9 9 4 9 9 9 9 9 9 9 9 
E: 
0 2 2 2 2 0 0 0 2 0 2 0 2 0 2 0 2 2 0 0 
2 0 0 0 2 0 0 0 0 0 2 0 0 0 2 0 2 0 0 0 
2 0 0 2 2 0 0 0 2 0 2 0 2 0 2 0 2 0 0 0 
2 0 2 0 2 0 0 0 2 0 2 0 2 0 2 0 2 0 0 0 
2 2 2 2 0 0 0 0 2 0 2 0 2 0 2 0 2 0 0 0 
0 0 0 0 0 0 0 0 0 0 0 0 0 1 0 0 0 0 0 0 
0 0 0 0 0 0 0 0 0 0 0 0 0 0 0 0 0 1 0 0 
0 0 0 0 0 0 0 0 0 2 0 1 0 2 0 2 0 0 2 0 
2 0 2 2 2 0 0 0 0 0 2 0 2 0 2 0 0 0 0 0 
0 0 0 0 0 0 0 2 0 0 0 0 0 0 0 2 0 0 0 2 
2 2 2 2 2 0 0 0 2 0 0 0 2 0 2 0 2 0 0 0 
0 0 0 0 0 0 0 1 0 0 0 0 0 0 0 0 0 0 2 0 
2 0 2 2 2 0 0 0 2 0 2 0 0 0 2 0 2 2 0 0 
0 0 0 0 0 1 0 2 0 0 0 0 0 0 0 0 0 0 0 0 
2 2 2 2 2 0 0 0 2 0 2 0 2 0 0 0 2 0 0 0 
0 0 0 0 0 0 0 2 0 2 0 0 0 0 0 0 0 0 0 2 
2 2 2 2 2 0 0 0 0 0 2 0 2 0 2 0 0 0 0 0 
2 0 0 0 0 0 1 0 0 0 0 0 2 0 0 0 0 0 0 0 
0 0 0 0 0 0 0 2 0 0 0 2 0 0 0 0 0 0 0 2 
0 0 0 0 0 0 0 0 0 2 0 0 0 0 0 2 0 0 2 0 

N=20
X: 
9 9 9 7 9 9 9 8 9 9 1 9 9 9 9 9 9 9 9 9 
E: 
0 0 0 2 0 0 0 0 0 0 0 0 0 0 0 0 0 0 2 0 
0 0 0 0 1 1 0 0 1 0 0 0 0 1 0 0 0 1 2 2 
0 0 0 0 2 0 0 0 2 0 0 0 0 0 0 2 2 2 0 0 
2 0 0 0 0 0 1 0 0 0 0 0 0 0 0 0 0 0 0 0 
0 1 2 0 0 0 2 0 2 0 0 0 0 0 0 2 2 2 0 0 
0 1 0 0 0 0 0 2 0 0 0 0 0 1 0 0 0 0 0 0 
0 0 0 1 2 0 0 0 0 0 0 0 0 0 0 0 0 0 0 0 
0 0 0 0 0 2 0 0 0 0 0 0 0 1 0 0 0 0 0 0 
0 1 2 0 2 0 0 0 0 0 0 0 0 0 0 2 2 2 0 0 
0 0 0 0 0 0 0 0 0 0 0 2 2 0 0 0 0 0 0 0 
0 0 0 0 0 0 0 0 0 0 0 0 2 0 0 0 0 0 0 0 
0 0 0 0 0 0 0 0 0 2 0 0 2 0 0 0 0 0 2 0 
0 0 0 0 0 0 0 0 0 2 2 2 0 0 0 0 0 0 0 0 
0 1 0 0 0 1 0 1 0 0 0 0 0 0 2 0 0 0 0 0 
0 0 0 0 0 0 0 0 0 0 0 0 0 2 0 0 0 0 0 2 
0 0 2 0 2 0 0 0 2 0 0 0 0 0 0 0 2 2 0 0 
0 0 2 0 2 0 0 0 2 0 0 0 0 0 0 2 0 2 0 0 
0 1 2 0 2 0 0 0 2 0 0 0 0 0 0 2 2 0 0 0 
2 2 0 0 0 0 0 0 0 0 0 2 0 0 0 0 0 0 0 1 
0 2 0 0 0 0 0 0 0 0 0 0 0 0 2 0 0 0 1 0 

N=20
X: 
9 9 9 9 6 9 9 7 9 1 9 9 9 9 9 9 9 9 9 9 
E: 
0 0 0 0 0 0 0 0 0 0 2 0 0 2 0 0 0 0 0 0 
0 0 0 0 0 2 0 0 2 0 0 2 2 0 0 2 2 0 0 0 
0 0 0 0 0 0 0 0 0 0 2 2 2 0 2 0 0 0 0 0 
0 0 0 0 0 2 0 0 0 0 0 0 0 0 0 0 0 0 0 1 
0 0 0 0 0 0 0 2 0 0 0 0 0 0 0 0 0 0 0 0 
0 2 0 2 0 0 0 0 0 0 0 2 0 0 0 0 0 2 0 0 
0 0 0 0 0 0 0 0 2 0 0 0 2 0 0 2 0 0 0 0 
0 0 0 0 2 0 0 0 0 0 0 0 0 0 2 0 0 0 0 0 
0 2 0 0 0 0 2 0 0 0 0 0 0 0 0 0 0 0 2 0 
0 0 0 0 0 0 0 0 0 0 0 0 0 0 0 0 0 0 2 0 
2 0 2 0 0 0 0 0 0 0 0 0 0 2 0 0 0 0 0 0 
0 2 2 0 0 2 0 0 0 0 0 0 2 0 0 0 2 0 0 0 
0 2 2 0 0 0 2 0 0 0 0 2 0 0 0 0 2 0 0 0 
2 0 0 0 0 0 0 0 0 0 2 0 0 0 0 0 0 0 0 0 
0 0 2 0 0 0 0 2 0 0 0 0 0 0 0 2 0 0 0 0 
0 2 0 0 0 0 2 0 0 0 0 0 0 0 2 0 0 0 0 0 
0 2 0 0 0 0 0 0 0 0 0 2 2 0 0 0 0 0 0 0 
0 0 0 0 0 2 0 0 0 0 0 0 0 0 0 0 0 0 0 1 
0 0 0 0 0 0 0 0 2 2 0 0 0 0 0 0 0 0 0 0 
0 0 0 1 0 0 0 0 0 0 0 0 0 0 0 0 0 1 0 0 

N=20
X: 
2 1 9 9 9 9 8 9 9 9 9 9 9 9 9 9 9 9 9 9 
E: 
0 0 1 0 0 0 0 0 0 0 1 0 0 0 0 0 0 0 0 0 
0 0 0 0 0 0 0 0 0 0 0 2 0 0 0 0 0 0 0 0 
1 0 0 0 0 0 2 0 0 0 0 0 0 0 0 0 0 0 0 0 
0 0 0 0 0 0 0 0 0 0 0 0 0 1 0 1 0 0 0 0 
0 0 0 0 0 0 0 0 0 2 0 0 0 0 2 0 0 0 0 0 
0 0 0 0 0 0 0 0 0 0 0 0 0 0 0 0 0 2 0 0 
0 0 2 0 0 0 0 0 0 0 0 0 0 0 0 0 0 2 0 0 
0 0 0 0 0 0 0 0 0 0 0 0 0 0 2 2 2 0 0 0 
0 0 0 0 0 0 0 0 0 0 0 2 2 0 0 0 0 0 0 2 
0 0 0 0 2 0 0 0 0 0 0 0 0 0 0 0 0 2 0 0 
1 0 0 0 0 0 0 0 0 0 0 0 0 0 0 0 0 0 0 2 
0 2 0 0 0 0 0 0 2 0 0 0 0 0 0 0 0 0 2 0 
0 0 0 0 0 0 0 0 2 0 0 0 0 0 0 0 0 0 2 0 
0 0 0 1 0 0 0 0 0 0 0 0 0 0 0 0 2 0 0 0 
0 0 0 0 2 0 0 2 0 0 0 0 0 0 0 0 0 0 0 0 
0 0 0 1 0 0 0 2 0 0 0 0 0 0 0 0 0 0 0 0 
0 0 0 0 0 0 0 2 0 0 0 0 0 2 0 0 0 0 0 0 
0 0 0 0 0 2 2 0 0 2 0 0 0 0 0 0 0 0 0 0 
0 0 0 0 0 0 0 0 0 0 0 2 2 0 0 0 0 0 0 0 
0 0 0 0 0 0 0 0 2 0 2 0 0 0 0 0 0 0 0 0 

N=20
X: 
9 9 9 9 9 9 9 9 9 9 9 9 9 9 1 9 9 9 9 1 
E: 
0 2 0 2 0 0 2 2 0 0 0 0 0 0 0 0 0 2 0 0 
2 0 0 0 0 0 2 2 0 0 0 2 0 0 0 0 0 0 0 0 
0 0 0 2 0 0 0 0 0 0 2 0 2 0 0 0 2 0 0 0 
2 0 2 0 2 0 2 2 0 2 0 2 0 0 0 2 0 2 0 0 
0 0 0 2 0 0 2 2 0 2 0 0 0 0 0 0 0 2 0 0 
0 0 0 0 0 0 0 0 0 2 0 0 0 0 0 0 0 2 2 0 
2 2 0 2 2 0 0 2 0 0 0 2 0 0 0 0 0 2 0 0 
2 2 0 2 2 0 2 0 0 0 0 0 0 0 0 2 0 2 0 0 
0 0 0 0 0 0 0 0 0 0 2 0 0 0 1 0 0 0 0 0 
0 0 0 2 2 2 0 0 0 0 2 0 0 0 0 0 2 0 0 0 
0 0 2 0 0 0 0 0 2 2 0 0 0 0 0 0 2 0 0 0 
0 2 0 2 0 0 2 0 0 0 0 0 0 0 0 2 0 0 0 0 
0 0 2 0 0 0 0 0 0 0 0 0 0 2 0 0 0 0 0 0 
0 0 0 0 0 0 0 0 0 0 0 0 2 0 0 0 0 0 2 2 
0 0 0 0 0 0 0 0 1 0 0 0 0 0 0 0 0 0 0 0 
0 0 0 2 0 0 0 2 0 0 0 2 0 0 0 0 0 0 0 0 
0 0 2 0 0 0 0 0 0 2 2 0 0 0 0 0 0 0 0 0 
2 0 0 2 2 2 2 2 0 0 0 0 0 0 0 0 0 0 0 0 
0 0 0 0 0 2 0 0 0 0 0 0 0 2 0 0 0 0 0 0 
0 0 0 0 0 0 0 0 0 0 0 0 0 2 0 0 0 0 0 0 

N=20
X: 
9 9 9 9 9 9 9 9 9 9 9 9 9 9 4 3 9 9 9 9 
E: 
0 2 0 0 0 2 0 0 0 2 2 0 0 2 0 0 0 0 0 0 
2 0 0 0 0 0 0 2 2 2 0 0 0 2 0 0 0 0 0 0 
0 0 0 0 0 0 0 0 0 0 0 2 0 0 0 0 0 2 2 0 
0 0 0 0 0 0 2 0 0 0 0 0 0 0 2 0 0 0 1 0 
0 0 0 0 0 0 0 2 2 0 2 0 0 2 0 0 0 0 0 1 
2 0 0 0 0 0 0 0 0 2 0 0 0 0 2 0 0 0 0 0 
0 0 0 2 0 0 0 0 0 0 0 0 0 2 0 0 0 1 0 0 
0 2 0 0 2 0 0 0 0 2 0 0 0 2 0 2 2 0 0 0 
0 2 0 0 2 0 0 0 0 2 0 0 0 0 0 0 0 0 0 0 
2 2 0 0 0 2 0 2 2 0 0 0 2 2 0 0 0 0 0 0 
2 0 0 0 2 0 0 0 0 0 0 0 0 2 0 0 0 0 0 2 
0 0 2 0 0 0 0 0 0 0 0 0 0 0 0 0 0 2 0 2 
0 0 0 0 0 0 0 0 0 2 0 0 0 0 0 0 0 0 0 2 
2 2 0 0 2 0 2 2 0 2 2 0 0 0 0 0 2 0 0 2 
0 0 0 2 0 2 0 0 0 0 0 0 0 0 0 0 0 0 0 0 
0 0 0 0 0 0 0 2 0 0 0 0 0 0 0 0 0 0 0 0 
0 0 0 0 0 0 0 2 0 0 0 0 0 2 0 0 0 0 0 0 
0 0 2 0 0 0 1 0 0 0 0 2 0 0 0 0 0 0 0 0 
0 0 2 1 0 0 0 0 0 0 0 0 0 0 0 0 0 0 0 2 
0 0 0 0 1 0 0 0 0 0 2 2 2 2 0 0 0 0 2 0 

N=20
X: 
9 5 9 9 4 9 9 9 9 8 9 9 2 9 9 9 9 9 9 9 
E: 
0 0 2 0 0 0 0 0 0 0 0 0 0 0 2 0 0 0 0 0 
0 0 0 0 0 0 0 0 0 0 0 0 0 0 0 0 0 0 0 2 
2 0 0 2 2 0 0 0 0 0 0 0 0 0 0 0 2 0 0 0 
0 0 2 0 0 0 0 0 0 0 2 0 0 0 0 2 2 0 0 2 
0 0 2 0 0 0 0 0 0 0 2 0 0 0 0 0 0 0 0 0 
0 0 0 0 0 0 0 1 0 1 0 0 0 0 0 0 0 2 0 0 
0 0 0 0 0 0 0 0 0 0 0 0 0 0 0 0 0 2 0 0 
0 0 0 0 0 1 0 0 0 0 0 0 0 0 0 0 0 0 1 0 
0 0 0 0 0 0 0 0 0 1 0 0 0 0 0 0 0 0 0 2 
0 0 0 0 0 1 0 0 1 0 0 0 0 0 0 0 0 0 0 0 
0 0 0 2 2 0 0 0 0 0 0 0 0 2 0 0 0 0 0 0 
0 0 0 0 0 0 0 0 0 0 0 0 0 1 1 0 0 0 0 0 
0 0 0 0 0 0 0 0 0 0 0 0 0 0 0 0 0 2 0 0 
0 0 0 0 0 0 0 0 0 0 2 1 0 0 0 0 0 0 0 0 
2 0 0 0 0 0 0 0 0 0 0 1 0 0 0 0 0 0 0 0 
0 0 0 2 0 0 0 0 0 0 0 0 0 0 0 0 0 0 0 0 
0 0 2 2 0 0 0 0 0 0 0 0 0 0 0 0 0 0 2 0 
0 0 0 0 0 2 2 0 0 0 0 0 2 0 0 0 0 0 0 0 
0 0 0 0 0 0 0 1 0 0 0 0 0 0 0 0 2 0 0 0 
0 2 0 2 0 0 0 0 2 0 0 0 0 0 0 0 0 0 0 0 

N=20
X: 
9 9 9 9 2 9 9 9 9 9 9 9 8 9 9 9 9 6 9 9 
E: 
0 2 0 0 0 0 0 2 0 0 0 0 0 0 0 0 0 0 0 0 
2 0 0 0 0 0 0 0 2 0 0 0 0 0 0 0 2 0 0 0 
0 0 0 0 0 0 2 0 0 0 0 2 0 0 0 0 0 0 0 0 
0 0 0 0 0 0 0 0 0 0 0 0 2 0 0 2 0 0 0 0 
0 0 0 0 0 0 0 0 0 0 0 0 0 0 0 0 0 0 0 2 
0 0 0 0 0 0 0 1 0 0 0 0 0 0 0 2 0 0 0 0 
0 0 2 0 0 0 0 0 0 0 0 0 2 2 0 0 0 0 1 0 
2 0 0 0 0 1 0 0 0 0 1 1 0 0 0 0 0 0 2 0 
0 2 0 0 0 0 0 0 0 0 0 2 0 0 0 0 2 2 0 0 
0 0 0 0 0 0 0 0 0 0 2 0 0 0 0 0 0 0 0 0 
0 0 0 0 0 0 0 1 0 2 0 0 0 0 0 0 0 0 0 2 
0 0 2 0 0 0 0 1 2 0 0 0 0 0 2 0 0 0 0 0 
0 0 0 2 0 0 2 0 0 0 0 0 0 0 0 0 0 0 0 0 
0 0 0 0 0 0 2 0 0 0 0 0 0 0 0 0 0 0 1 2 
0 0 0 0 0 0 0 0 0 0 0 2 0 0 0 0 0 2 0 0 
0 0 0 2 0 2 0 0 0 0 0 0 0 0 0 0 0 0 1 0 
0 2 0 0 0 0 0 0 2 0 0 0 0 0 0 0 0 2 0 0 
0 0 0 0 0 0 0 0 2 0 0 0 0 0 2 0 2 0 0 0 
0 0 0 0 0 0 1 2 0 0 0 0 0 1 0 1 0 0 0 0 
0 0 0 0 2 0 0 0 0 0 2 0 0 2 0 0 0 0 0 0 

N=20
X: 
9 9 9 9 9 8 9 9 9 9 9 9 5 9 9 9 9 4 6 9 
E: 
0 2 0 0 0 0 0 0 0 0 0 0 2 0 0 0 0 0 2 0 
2 0 0 0 2 0 0 0 0 0 0 0 0 2 0 0 0 2 0 0 
0 0 0 1 0 0 0 0 0 0 0 0 0 0 0 1 0 0 0 0 
0 0 1 0 0 0 0 0 0 0 0 0 0 0 0 2 0 0 0 0 
0 2 0 0 0 0 0 0 2 0 0 0 0 0 0 0 2 0 0 0 
0 0 0 0 0 0 0 0 0 0 2 2 0 0 0 0 0 0 0 0 
0 0 0 0 0 0 0 1 0 0 2 0 0 0 0 0 0 0 0 2 
0 0 0 0 0 0 1 0 0 0 0 0 0 0 0 0 0 0 0 0 
0 0 0 0 2 0 0 0 0 0 2 0 0 0 0 0 0 0 0 0 
0 0 0 0 0 0 0 0 0 0 0 0 2 0 0 0 0 0 0 0 
0 0 0 0 0 2 2 0 2 0 0 2 0 0 0 2 0 0 0 0 
0 0 0 0 0 2 0 0 0 0 2 0 0 0 0 0 2 0 0 0 
2 0 0 0 0 0 0 0 0 2 0 0 0 0 0 0 0 0 0 0 
0 2 0 0 0 0 0 0 0 0 0 0 0 0 0 0 0 0 0 0 
0 0 0 0 0 0 0 0 0 0 0 0 0 0 0 0 2 0 0 0 
0 0 1 2 0 0 0 0 0 0 2 0 0 0 0 0 0 0 0 0 
0 0 0 0 2 0 0 0 0 0 0 2 0 0 2 0 0 0 0 0 
0 2 0 0 0 0 0 0 0 0 0 0 0 0 0 0 0 0 0 0 
2 0 0 0 0 0 0 0 0 0 0 0 0 0 0 0 0 0 0 0 
0 0 0 0 0 0 2 0 0 0 0 0 0 0 0 0 0 0 0 0 

N=20
X: 
2 9 9 9 9 9 9 9 9 9 9 9 9 5 9 9 9 9 9 8 
E: 
0 0 0 0 2 0 0 0 0 0 0 0 0 0 0 0 0 0 0 0 
0 0 0 0 0 2 0 0 0 0 2 0 0 0 0 0 0 2 0 0 
0 0 0 0 0 0 0 2 0 1 0 0 0 0 0 1 0 0 0 0 
0 0 0 0 2 2 2 0 0 0 0 0 0 0 2 0 0 2 0 0 
2 0 0 2 0 0 2 0 0 0 0 0 0 0 0 0 2 0 0 0 
0 2 0 2 0 0 0 0 2 0 0 0 0 0 2 0 0 0 0 0 
0 0 0 2 2 0 0 0 0 0 0 2 0 0 0 0 2 0 0 0 
0 0 2 0 0 0 0 0 0 0 0 0 0 0 0 1 0 0 0 0 
0 0 0 0 0 2 0 0 0 0 2 0 0 2 0 0 0 2 0 0 
0 0 1 0 0 0 0 0 0 0 0 0 0 0 0 0 2 0 0 0 
0 2 0 0 0 0 0 0 2 0 0 0 0 0 0 0 0 0 0 0 
0 0 0 0 0 0 2 0 0 0 0 0 0 0 0 0 0 0 0 0 
0 0 0 0 0 0 0 0 0 0 0 0 0 0 0 0 0 0 2 1 
0 0 0 0 0 0 0 0 2 0 0 0 0 0 0 0 0 0 2 0 
0 0 0 2 0 2 0 0 0 0 0 0 0 0 0 0 0 0 0 1 
0 0 1 0 0 0 0 1 0 0 0 0 0 0 0 0 0 0 0 1 
0 0 0 0 2 0 2 0 0 2 0 0 0 0 0 0 0 0 0 0 
0 2 0 2 0 0 0 0 2 0 0 0 0 0 0 0 0 0 0 0 
0 0 0 0 0 0 0 0 0 0 0 0 2 2 0 0 0 0 0 0 
0 0 0 0 0 0 0 0 0 0 0 0 1 0 1 1 0 0 0 0 

N=20
X: 
9 9 9 9 2 9 9 9 9 9 9 9 9 9 9 9 9 9 6 9 
E: 
0 2 2 0 0 0 2 2 0 0 0 0 2 0 2 0 0 0 0 2 
2 0 2 2 0 1 2 2 2 1 2 0 2 2 2 0 2 2 0 2 
2 2 0 2 0 0 2 2 2 0 2 0 2 2 2 0 2 2 0 2 
0 2 2 0 0 1 2 2 2 1 2 0 2 2 2 0 2 2 0 2 
0 0 0 0 0 0 0 0 0 1 0 0 0 0 0 0 0 0 1 0 
0 1 0 1 0 0 1 0 1 0 0 0 0 1 0 0 1 1 0 1 
2 2 2 2 0 1 0 2 2 0 2 0 2 2 2 0 2 2 0 2 
2 2 2 2 0 0 2 0 2 1 2 0 2 2 2 0 2 2 0 2 
0 2 2 2 0 1 2 2 0 0 0 0 2 2 2 0 2 2 0 2 
0 1 0 1 1 0 0 1 0 0 0 0 0 0 0 0 0 0 0 0 
0 2 2 2 0 0 2 2 0 0 0 2 2 2 2 2 2 2 0 2 
0 0 0 0 0 0 0 0 0 0 2 0 0 0 2 2 0 0 2 0 
2 2 2 2 0 0 2 2 2 0 2 0 0 2 2 0 2 2 0 2 
0 2 2 2 0 1 2 2 2 0 2 0 2 0 2 0 2 2 0 2 
2 2 2 2 0 0 2 2 2 0 2 2 2 2 0 2 2 2 0 2 
0 0 0 0 0 0 0 0 0 0 2 2 0 0 2 0 0 0 2 0 
0 2 2 2 0 1 2 2 2 0 2 0 2 2 2 0 0 2 0 2 
0 2 2 2 0 1 2 2 2 0 2 0 2 2 2 0 2 0 0 2 
0 0 0 0 1 0 0 0 0 0 0 2 0 0 0 2 0 0 0 0 
2 2 2 2 0 1 2 2 2 0 2 0 2 2 2 0 2 2 0 0 

N=20
X: 
9 9 9 9 9 9 9 9 9 9 9 9 9 9 9 9 9 9 9 9 
E: 
0 2 2 0 0 0 0 0 0 2 0 0 0 0 0 0 0 0 0 0 
2 0 2 0 0 2 2 0 0 0 0 0 2 0 0 0 0 0 0 0 
2 2 0 0 2 0 0 0 2 0 0 0 0 0 0 0 0 0 0 0 
0 0 0 0 0 2 0 0 0 0 0 0 0 0 0 2 2 0 2 0 
0 0 2 0 0 0 0 2 1 0 0 0 0 0 0 0 0 0 2 0 
0 2 0 2 0 0 0 0 0 2 0 0 0 0 0 0 0 0 0 0 
0 2 0 0 0 0 0 0 0 0 0 0 0 0 2 2 2 2 2 0 
0 0 0 0 2 0 0 0 0 0 2 0 0 0 0 0 0 0 0 0 
0 0 2 0 1 0 0 0 0 0 0 2 0 2 0 0 2 0 0 0 
2 0 0 0 0 2 0 0 0 0 0 0 0 0 0 0 0 2 0 0 
0 0 0 0 0 0 0 2 0 0 0 0 0 0 0 0 0 0 2 2 
0 0 0 0 0 0 0 0 2 0 0 0 0 0 0 0 0 0 2 0 
0 2 0 0 0 0 0 0 0 0 0 0 0 0 0 0 0 2 0 0 
0 0 0 0 0 0 0 0 2 0 0 0 0 0 2 2 0 0 0 0 
0 0 0 0 0 0 2 0 0 0 0 0 0 2 0 0 2 0 0 0 
0 0 0 2 0 0 2 0 0 0 0 0 0 2 0 0 2 0 0 0 
0 0 0 2 0 0 2 0 2 0 0 0 0 0 2 2 0 0 0 2 
0 0 0 0 0 0 2 0 0 2 0 0 2 0 0 0 0 0 2 0 
0 0 0 2 2 0 2 0 0 0 2 2 0 0 0 0 0 2 0 0 
0 0 0 0 0 0 0 0 0 0 2 0 0 0 0 0 2 0 0 0 

N=20
X: 
9 7 9 9 6 3 9 9 5 9 9 9 9 9 9 9 9 9 9 9 
E: 
0 0 0 0 0 0 2 0 0 0 0 0 2 2 0 0 0 2 0 0 
0 0 0 0 2 0 0 0 0 0 0 2 0 0 0 0 0 0 0 0 
0 0 0 0 0 0 0 0 2 0 0 0 0 0 2 0 0 0 0 0 
0 0 0 0 0 0 0 0 0 0 0 2 0 0 0 2 2 0 2 0 
0 2 0 0 0 0 0 0 0 0 0 0 0 0 0 0 0 0 0 0 
0 0 0 0 0 0 0 0 0 0 0 2 0 0 0 0 0 0 0 2 
2 0 0 0 0 0 0 2 0 0 0 0 2 0 2 0 0 0 0 0 
0 0 0 0 0 0 2 0 0 0 0 0 2 0 0 0 0 2 0 0 
0 0 2 0 0 0 0 0 0 2 0 0 0 0 0 0 0 0 0 0 
0 0 0 0 0 0 0 0 2 0 1 0 0 0 0 0 0 0 0 0 
0 0 0 0 0 0 0 0 0 1 0 0 0 0 0 0 0 0 0 0 
0 2 0 2 0 2 0 0 0 0 0 0 0 0 0 0 0 0 2 2 
2 0 0 0 0 0 2 2 0 0 0 0 0 2 2 0 0 2 0 0 
2 0 0 0 0 0 0 0 0 0 0 0 2 0 2 0 0 2 0 0 
0 0 2 0 0 0 2 0 0 0 0 0 2 2 0 0 0 0 0 0 
0 0 0 2 0 0 0 0 0 0 0 0 0 0 0 0 0 0 2 2 
0 0 0 2 0 0 0 0 0 0 0 0 0 0 0 0 0 0 0 0 
2 0 0 0 0 0 0 2 0 0 0 0 2 2 0 0 0 0 0 0 
0 0 0 2 0 0 0 0 0 0 0 2 0 0 0 2 0 0 0 0 
0 0 0 0 0 2 0 0 0 0 0 2 0 0 0 2 0 0 0 0 

N=20
X: 
9 9 6 9 9 9 9 9 9 4 9 9 9 2 9 9 9 9 9 9 
E: 
0 0 0 0 0 1 0 0 0 0 0 0 0 0 0 0 2 0 0 0 
0 0 0 0 2 1 0 0 0 0 2 0 0 0 0 0 0 2 0 0 
0 0 0 0 0 0 0 0 0 0 0 2 0 0 0 2 0 0 0 0 
0 0 0 0 0 0 0 0 2 0 0 0 0 2 0 2 0 0 0 0 
0 2 0 0 0 1 0 2 0 0 1 0 0 0 1 0 0 0 0 0 
1 1 0 0 1 0 0 0 0 0 1 0 0 0 1 0 0 0 0 1 
0 0 0 0 0 0 0 0 2 0 0 0 0 0 0 0 0 0 2 2 
0 0 0 0 2 0 0 0 0 0 0 0 0 0 2 0 0 2 0 0 
0 0 0 2 0 0 2 0 0 0 0 0 0 0 0 0 0 0 0 0 
0 0 0 0 0 0 0 0 0 0 0 0 2 0 0 2 0 0 0 0 
0 2 0 0 1 1 0 0 0 0 0 0 0 0 0 0 0 0 0 0 
0 0 2 0 0 0 0 0 0 0 0 0 2 0 0 0 2 0 0 0 
0 0 0 0 0 0 0 0 0 2 0 2 0 0 0 2 0 0 0 0 
0 0 0 2 0 0 0 0 0 0 0 0 0 0 0 0 2 0 0 0 
0 0 0 0 1 1 0 2 0 0 0 0 0 0 0 0 0 2 0 0 
0 0 2 2 0 0 0 0 0 2 0 0 2 0 0 0 0 0 0 0 
2 0 0 0 0 0 0 0 0 0 0 2 0 2 0 0 0 0 0 0 
0 2 0 0 0 0 0 2 0 0 0 0 0 0 2 0 0 0 0 0 
0 0 0 0 0 0 2 0 0 0 0 0 0 0 0 0 0 0 0 0 
0 0 0 0 0 1 2 0 0 0 0 0 0 0 0 0 0 0 0 0 

N=20
X: 
9 9 9 9 9 9 9 9 9 9 9 9 4 9 9 9 5 9 9 2 
E: 
0 0 0 0 2 0 0 0 0 0 1 0 0 2 0 0 0 0 2 0 
0 0 2 0 2 0 2 0 0 0 0 0 0 0 2 0 0 2 0 0 
0 2 0 0 2 0 0 0 0 0 0 0 0 0 0 0 0 0 0 0 
0 0 0 0 0 2 0 0 0 0 0 0 0 0 2 0 0 0 0 0 
2 2 2 0 0 0 0 1 0 0 0 0 0 0 0 0 0 0 0 0 
0 0 0 2 0 0 0 0 2 0 0 0 0 0 0 0 0 0 0 0 
0 2 0 0 0 0 0 0 0 0 0 2 2 0 0 0 0 0 0 0 
0 0 0 0 1 0 0 0 2 0 0 0 0 2 0 2 0 0 0 0 
0 0 0 0 0 2 0 2 0 0 0 2 0 0 0 0 0 0 0 0 
0 0 0 0 0 0 0 0 0 0 2 2 0 0 0 0 0 0 2 0 
1 0 0 0 0 0 0 0 0 2 0 0 0 2 1 0 0 0 0 0 
0 0 0 0 0 0 2 0 2 2 0 0 0 0 0 0 0 2 0 0 
0 0 0 0 0 0 2 0 0 0 0 0 0 0 0 0 2 0 0 0 
2 0 0 0 0 0 0 2 0 0 2 0 0 0 2 0 0 0 0 0 
0 2 0 2 0 0 0 0 0 0 1 0 0 2 0 2 0 2 0 0 
0 0 0 0 0 0 0 2 0 0 0 0 0 0 2 0 0 0 2 0 
0 0 0 0 0 0 0 0 0 0 0 0 2 0 0 0 0 0 0 2 
0 2 0 0 0 0 0 0 0 0 0 2 0 0 2 0 0 0 0 0 
2 0 0 0 0 0 0 0 0 2 0 0 0 0 0 2 0 0 0 0 
0 0 0 0 0 0 0 0 0 0 0 0 0 0 0 0 2 0 0 0 

N=20
X: 
9 9 9 9 9 9 9 9 9 9 9 2 9 9 2 7 9 9 9 9 
E: 
0 0 0 0 0 0 0 0 0 2 0 0 0 0 0 0 0 0 0 0 
0 0 0 0 0 1 0 0 0 0 0 0 0 0 0 1 0 0 0 0 
0 0 0 0 2 0 0 0 0 2 0 0 2 0 0 0 0 0 0 0 
0 0 0 0 0 0 0 0 0 0 2 0 0 0 0 0 0 0 0 0 
0 0 2 0 0 0 0 0 0 2 0 0 0 0 0 0 0 0 0 0 
0 1 0 0 0 0 1 0 0 0 0 0 0 0 0 0 0 0 0 0 
0 0 0 0 0 1 0 2 0 0 0 0 0 0 0 1 0 0 0 0 
0 0 0 0 0 0 2 0 0 0 0 0 0 0 0 0 2 0 0 0 
0 0 0 0 0 0 0 0 0 0 2 2 0 2 0 0 0 0 0 0 
2 0 2 0 2 0 0 0 0 0 0 0 0 0 0 0 0 0 0 0 
0 0 0 2 0 0 0 0 2 0 0 0 0 2 0 0 0 0 0 0 
0 0 0 0 0 0 0 0 2 0 0 0 0 2 0 0 0 0 0 0 
0 0 2 0 0 0 0 0 0 0 0 0 0 0 0 0 0 0 1 0 
0 0 0 0 0 0 0 0 2 0 2 2 0 0 0 0 0 0 0 2 
0 0 0 0 0 0 0 0 0 0 0 0 0 0 0 0 0 0 2 0 
0 1 0 0 0 0 1 0 0 0 0 0 0 0 0 0 0 1 0 0 
0 0 0 0 0 0 0 2 0 0 0 0 0 0 0 0 0 2 0 0 
0 0 0 0 0 0 0 0 0 0 0 0 0 0 0 1 2 0 0 0 
0 0 0 0 0 0 0 0 0 0 0 0 1 0 2 0 0 0 0 0 
0 0 0 0 0 0 0 0 0 0 0 0 0 2 0 0 0 0 0 0 

N=20
X: 
9 9 9 9 9 9 9 9 9 9 9 1 9 2 8 9 2 9 9 9 
E: 
0 0 1 0 0 0 0 0 1 0 0 0 0 0 0 0 0 0 0 0 
0 0 0 0 0 0 2 2 0 0 0 0 0 2 0 0 0 0 0 0 
1 0 0 0 0 0 0 0 0 0 0 0 0 0 0 0 0 0 0 2 
0 0 0 0 2 0 0 0 0 0 0 0 0 0 0 0 0 0 0 0 
0 0 0 2 0 0 0 0 0 1 0 0 0 0 0 0 0 0 2 0 
0 0 0 0 0 0 0 2 0 0 0 0 0 1 1 0 0 0 0 0 
0 2 0 0 0 0 0 0 0 0 0 2 2 0 0 2 0 2 0 0 
0 2 0 0 0 2 0 0 0 0 0 0 2 0 0 0 0 0 0 0 
1 0 0 0 0 0 0 0 0 0 1 0 0 0 0 0 0 0 0 0 
0 0 0 0 1 0 0 0 0 0 2 0 0 0 0 0 0 0 0 0 
0 0 0 0 0 0 0 0 1 2 0 0 0 0 0 0 0 0 0 0 
0 0 0 0 0 0 2 0 0 0 0 0 0 0 0 0 0 0 0 0 
0 0 0 0 0 0 2 2 0 0 0 0 0 0 0 2 0 0 0 2 
0 2 0 0 0 1 0 0 0 0 0 0 0 0 0 0 0 0 0 0 
0 0 0 0 0 1 0 0 0 0 0 0 0 0 0 0 1 0 0 0 
0 0 0 0 0 0 2 0 0 0 0 0 2 0 0 0 0 2 0 0 
0 0 0 0 0 0 0 0 0 0 0 0 0 0 1 0 0 0 0 0 
0 0 0 0 0 0 2 0 0 0 0 0 0 0 0 2 0 0 0 0 
0 0 0 0 2 0 0 0 0 0 0 0 0 0 0 0 0 0 0 0 
0 0 2 0 0 0 0 0 0 0 0 0 2 0 0 0 0 0 0 0 

N=20
X: 
9 9 9 9 9 9 9 9 2 9 9 9 4 9 9 9 9 9 9 9 
E: 
0 0 0 2 0 0 0 1 0 0 2 2 0 0 2 0 0 0 2 0 
0 0 0 2 2 0 0 1 0 2 0 2 0 2 0 0 0 0 0 0 
0 0 0 0 0 0 0 0 0 2 2 2 0 0 2 2 0 0 2 2 
2 2 0 0 0 0 0 0 0 0 0 0 0 0 0 0 2 0 0 0 
0 2 0 0 0 0 0 0 0 0 2 0 2 0 0 0 0 0 0 2 
0 0 0 0 0 0 0 0 0 0 2 2 0 0 2 0 0 0 0 0 
0 0 0 0 0 0 0 0 0 2 2 2 0 0 0 0 1 0 0 0 
1 1 0 0 0 0 0 0 0 1 0 0 0 1 0 1 0 0 0 0 
0 0 0 0 0 0 0 0 0 0 0 0 0 0 0 0 0 0 0 1 
0 2 2 0 0 0 2 1 0 0 2 2 0 2 2 0 1 1 0 0 
2 0 2 0 2 2 2 0 0 2 0 2 0 0 2 0 2 0 2 0 
2 2 2 0 0 2 2 0 0 2 2 0 0 1 2 2 0 1 0 0 
0 0 0 0 2 0 0 0 0 0 0 0 0 0 0 0 0 0 0 2 
0 2 0 0 0 0 0 1 0 2 0 1 0 0 2 2 2 0 0 0 
2 0 2 0 0 2 0 0 0 2 2 2 0 2 0 0 2 0 2 0 
0 0 2 0 0 0 0 1 0 0 0 2 0 2 0 0 2 2 2 0 
0 0 0 2 0 0 1 0 0 1 2 0 0 2 2 2 0 0 0 0 
0 0 0 0 0 0 0 0 0 1 0 1 0 0 0 2 0 0 0 0 
2 0 2 0 0 0 0 0 0 0 2 0 0 0 2 2 0 0 0 0 
0 0 2 0 2 0 0 0 1 0 0 0 2 0 0 0 0 0 0 0 

N=20
X: 
9 9 9 9 9 9 9 9 9 9 9 1 9 3 9 9 9 9 9 9 
E: 
0 2 2 0 0 0 0 0 2 0 0 0 0 0 2 0 0 0 0 0 
2 0 0 0 0 0 2 0 2 0 0 0 0 0 0 0 0 0 0 0 
2 0 0 0 0 0 0 0 2 0 0 0 0 0 0 0 0 0 2 0 
0 0 0 0 0 2 0 0 0 0 0 0 0 0 2 2 0 0 0 0 
0 0 0 0 0 0 0 0 0 0 2 0 0 0 2 0 0 2 0 0 
0 0 0 2 0 0 0 0 0 0 0 0 0 0 0 0 2 2 0 0 
0 2 0 0 0 0 0 0 0 0 2 0 2 0 0 0 2 0 0 0 
0 0 0 0 0 0 0 0 0 2 0 0 0 2 0 0 0 0 0 2 
2 2 2 0 0 0 0 0 0 0 0 0 0 0 2 0 0 0 2 2 
0 0 0 0 0 0 0 2 0 0 0 0 0 0 2 0 0 0 0 0 
0 0 0 0 2 0 2 0 0 0 0 0 2 0 0 2 0 0 2 0 
0 0 0 0 0 0 0 0 0 0 0 0 0 2 0 0 0 0 0 0 
0 0 0 0 0 0 2 0 0 0 2 0 0 0 0 0 2 0 0 0 
0 0 0 0 0 0 0 2 0 0 0 2 0 0 0 0 0 0 0 0 
2 0 0 2 2 0 0 0 2 2 0 0 0 0 0 2 2 2 1 0 
0 0 0 2 0 0 0 0 0 0 2 0 0 0 2 0 0 0 0 2 
0 0 0 0 0 2 2 0 0 0 0 0 2 0 2 0 0 0 0 0 
0 0 0 0 2 2 0 0 0 0 0 0 0 0 2 0 0 0 0 0 
0 0 2 0 0 0 0 0 2 0 2 0 0 0 1 0 0 0 0 0 
0 0 0 0 0 0 0 2 2 0 0 0 0 0 0 2 0 0 0 0 

N=20
X: 
9 9 9 9 3 9 9 9 9 9 9 9 9 9 9 6 9 9 9 9 
E: 
0 0 0 0 0 0 2 2 0 0 0 0 0 0 0 2 0 0 0 2 
0 0 2 2 0 2 0 2 2 2 2 2 2 2 0 0 1 2 2 0 
0 2 0 2 0 2 0 2 2 2 2 2 2 2 0 0 1 2 2 0 
0 2 2 0 0 2 0 2 2 2 2 2 2 2 2 0 1 2 2 0 
0 0 0 0 0 0 0 0 0 0 0 0 0 0 0 1 0 0 0 0 
0 2 2 2 0 0 0 2 2 2 2 2 2 2 0 0 1 2 2 0 
2 0 0 0 0 0 0 0 0 0 0 0 0 0 0 0 0 0 0 2 
2 2 2 2 0 2 0 0 2 2 2 2 2 2 0 0 1 2 2 0 
0 2 2 2 0 2 0 2 0 2 2 2 2 2 2 0 1 2 2 0 
0 2 2 2 0 2 0 2 2 0 2 2 2 2 0 0 1 2 2 0 
0 2 2 2 0 2 0 2 2 2 0 2 2 2 0 0 0 2 2 0 
0 2 2 2 0 2 0 2 2 2 2 0 2 2 2 0 1 2 2 0 
0 2 2 2 0 2 0 2 2 2 2 2 0 2 0 0 0 0 2 0 
0 2 2 2 0 2 0 2 2 2 2 2 2 0 0 0 1 2 2 0 
0 0 0 2 0 0 0 0 2 0 0 2 0 0 0 0 1 0 0 0 
2 0 0 0 1 0 0 0 0 0 0 0 0 0 0 0 0 0 0 0 
0 1 1 1 0 1 0 1 1 1 0 1 0 1 1 0 0 1 0 0 
0 2 2 2 0 2 0 2 2 2 2 2 0 2 0 0 1 0 2 0 
0 2 2 2 0 2 0 2 2 2 2 2 2 2 0 0 0 2 0 0 
2 0 0 0 0 0 2 0 0 0 0 0 0 0 0 0 0 0 0 0 

N=20
X: 
9 8 9 9 9 9 2 9 9 5 9 1 9 9 9 9 9 5 8 8 
E: 
0 0 0 0 0 2 0 0 0 0 0 0 0 2 2 0 0 0 0 0 
0 0 0 2 0 0 0 1 0 0 0 0 0 0 1 0 0 0 0 0 
0 0 0 0 0 0 0 0 0 0 2 0 0 0 2 2 2 0 0 0 
0 2 0 0 2 0 2 1 0 0 0 2 0 0 0 0 0 0 0 0 
0 0 0 2 0 0 0 0 0 2 0 0 2 0 0 0 0 0 0 0 
2 0 0 0 0 0 0 0 2 0 0 0 0 0 0 0 0 0 0 0 
0 0 0 2 0 0 0 0 0 0 0 0 0 0 0 0 0 0 0 0 
0 1 0 1 0 0 0 0 0 0 0 0 0 0 0 0 2 0 1 1 
0 0 0 0 0 2 0 0 0 0 0 0 2 0 0 0 0 0 0 0 
0 0 0 0 2 0 0 0 0 0 0 0 2 0 0 0 0 0 0 0 
0 0 2 0 0 0 0 0 0 0 0 0 0 2 0 0 0 0 0 0 
0 0 0 2 0 0 0 0 0 0 0 0 0 0 0 0 0 0 0 0 
0 0 0 0 2 0 0 0 2 2 0 0 0 0 0 2 0 2 0 0 
2 0 0 0 0 0 0 0 0 0 2 0 0 0 0 0 0 0 0 0 
2 1 2 0 0 0 0 0 0 0 0 0 0 0 0 0 2 0 1 1 
0 0 2 0 0 0 0 0 0 0 0 0 2 0 0 0 0 0 0 0 
0 0 2 0 0 0 0 2 0 0 0 0 0 0 2 0 0 0 0 0 
0 0 0 0 0 0 0 0 0 0 0 0 2 0 0 0 0 0 0 0 
0 0 0 0 0 0 0 1 0 0 0 0 0 0 1 0 0 0 0 0 
0 0 0 0 0 0 0 1 0 0 0 0 0 0 1 0 0 0 0 0 

N=20
X: 
9 9 5 9 9 9 9 9 9 9 9 9 9 9 9 9 9 9 9 9 
E: 
0 0 0 0 0 0 0 0 0 0 2 0 0 0 2 0 2 0 2 0 
0 0 0 0 0 0 2 0 0 0 0 0 0 0 0 0 0 0 0 0 
0 0 0 0 0 0 0 2 0 0 0 0 0 0 0 0 0 0 0 0 
0 0 0 0 0 0 0 0 0 0 2 2 0 0 0 0 0 0 0 0 
0 0 0 0 0 0 2 2 0 0 0 0 0 0 0 2 0 0 0 0 
0 0 0 0 0 0 0 0 2 0 0 0 0 0 0 2 0 0 0 0 
0 2 0 0 2 0 0 0 0 0 0 0 2 0 0 0 0 0 0 0 
0 0 2 0 2 0 0 0 0 0 0 0 0 0 0 0 0 0 0 0 
0 0 0 0 0 2 0 0 0 2 0 0 2 0 0 0 0 2 0 1 
0 0 0 0 0 0 0 0 2 0 0 2 0 0 0 0 0 0 0 1 
2 0 0 2 0 0 0 0 0 0 0 0 0 0 0 0 2 2 0 0 
0 0 0 2 0 0 0 0 0 2 0 0 0 0 0 0 0 0 0 0 
0 0 0 0 0 0 2 0 2 0 0 0 0 0 0 0 0 0 0 0 
0 0 0 0 0 0 0 0 0 0 0 0 0 0 0 0 2 0 2 0 
2 0 0 0 0 0 0 0 0 0 0 0 0 0 0 0 2 2 2 0 
0 0 0 0 2 2 0 0 0 0 0 0 0 0 0 0 0 0 0 0 
2 0 0 0 0 0 0 0 0 0 2 0 0 2 2 0 0 0 0 0 
0 0 0 0 0 0 0 0 2 0 2 0 0 0 2 0 0 0 0 0 
2 0 0 0 0 0 0 0 0 0 0 0 0 2 2 0 0 0 0 0 
0 0 0 0 0 0 0 0 1 1 0 0 0 0 0 0 0 0 0 0 

N=20
X: 
9 9 9 2 9 9 9 9 9 9 9 8 9 4 9 9 9 9 9 9 
E: 
0 0 1 0 2 0 0 2 0 0 0 0 0 0 0 0 2 0 2 0 
0 0 2 0 0 0 2 0 0 0 0 0 0 0 0 0 2 2 0 0 
1 2 0 0 1 0 1 2 0 0 0 0 0 0 0 0 2 1 0 2 
0 0 0 0 0 0 0 0 0 0 0 2 0 0 0 0 0 0 0 0 
2 0 1 0 0 0 0 0 0 0 1 0 2 0 0 2 0 0 0 0 
0 0 0 0 0 0 1 0 0 2 1 0 0 0 0 2 0 0 0 0 
0 2 1 0 0 1 0 2 0 0 0 0 0 0 2 0 0 1 2 2 
2 0 2 0 0 0 2 0 2 0 0 0 0 2 0 0 0 0 0 2 
0 0 0 0 0 0 0 2 0 2 0 0 2 0 0 0 0 0 0 2 
0 0 0 0 0 2 0 0 2 0 0 0 2 0 0 2 0 0 0 0 
0 0 0 0 1 1 0 0 0 0 0 0 1 0 0 0 0 0 0 0 
0 0 0 2 0 0 0 0 0 0 0 0 0 0 0 0 0 2 0 0 
0 0 0 0 2 0 0 0 2 2 1 0 0 0 0 0 0 0 0 0 
0 0 0 0 0 0 0 2 0 0 0 0 0 0 0 0 0 0 0 2 
0 0 0 0 0 0 2 0 0 0 0 0 0 0 0 2 0 0 0 2 
0 0 0 0 2 2 0 0 0 2 0 0 0 0 2 0 0 0 0 0 
2 2 2 0 0 0 0 0 0 0 0 0 0 0 0 0 0 2 0 2 
0 2 1 0 0 0 1 0 0 0 0 2 0 0 0 0 2 0 0 2 
2 0 0 0 0 0 2 0 0 0 0 0 0 0 0 0 0 0 0 0 
0 0 2 0 0 0 2 2 2 0 0 0 0 2 2 0 2 2 0 0 

N=20
X: 
9 9 9 9 9 9 9 9 1 9 1 9 9 9 6 9 9 9 9 9 
E: 
0 2 0 0 2 0 2 2 0 0 0 0 0 0 0 0 0 2 2 0 
2 0 0 0 0 0 0 0 1 0 2 0 0 0 0 0 0 0 0 0 
0 0 0 2 0 0 0 2 0 0 0 0 0 0 2 1 0 2 0 0 
0 0 2 0 0 0 0 0 0 0 0 0 0 0 2 0 0 2 0 0 
2 0 0 0 0 2 0 0 0 0 0 0 0 0 0 2 2 2 2 2 
0 0 0 0 2 0 0 2 0 0 0 0 0 0 0 1 0 0 0 0 
2 0 0 0 0 0 0 2 0 2 0 0 0 0 0 0 0 2 2 0 
2 0 2 0 0 2 2 0 0 0 0 0 0 0 0 2 0 0 0 0 
0 1 0 0 0 0 0 0 0 0 0 0 0 0 0 0 0 0 0 0 
0 0 0 0 0 0 2 0 0 0 0 0 2 0 0 0 0 2 0 0 
0 2 0 0 0 0 0 0 0 0 0 0 0 0 0 0 0 0 0 0 
0 0 0 0 0 0 0 0 0 0 0 0 0 0 0 0 1 0 0 0 
0 0 0 0 0 0 0 0 0 2 0 0 0 0 0 0 0 0 2 0 
0 0 0 0 0 0 0 0 0 0 0 0 0 0 0 2 2 0 0 2 
0 0 2 2 0 0 0 0 0 0 0 0 0 0 0 0 0 0 0 0 
0 0 1 0 2 1 0 2 0 0 0 0 0 2 0 0 0 0 0 0 
0 0 0 0 2 0 0 0 0 0 0 1 0 2 0 0 0 0 2 2 
2 0 2 2 2 0 2 0 0 2 0 0 0 0 0 0 0 0 0 0 
2 0 0 0 2 0 2 0 0 0 0 0 2 0 0 0 2 0 0 0 
0 0 0 0 2 0 0 0 0 0 0 0 0 2 0 0 2 0 0 0 

N=20
X: 
9 9 9 9 9 9 9 9 9 5 9 8 9 9 9 9 9 9 9 9 
E: 
0 0 0 0 0 0 0 0 0 0 0 2 0 0 2 0 0 0 0 0 
0 0 0 2 2 0 0 0 0 0 0 0 0 0 0 0 0 0 0 0 
0 0 0 0 0 0 0 0 0 0 0 2 0 0 0 2 0 0 0 0 
0 2 0 0 0 0 2 0 0 0 0 0 0 0 0 0 0 0 0 0 
0 2 0 0 0 0 0 0 0 0 0 2 0 0 0 0 0 0 0 0 
0 0 0 0 0 0 2 0 0 0 0 0 0 0 2 0 0 2 0 0 
0 0 0 2 0 2 0 0 2 0 2 0 0 0 0 0 0 0 1 1 
0 0 0 0 0 0 0 0 0 0 2 0 0 2 0 0 0 0 0 0 
0 0 0 0 0 0 2 0 0 0 1 0 0 0 0 0 0 0 0 2 
0 0 0 0 0 0 0 0 0 0 0 0 0 0 0 0 2 0 0 0 
0 0 0 0 0 0 2 2 1 0 0 0 0 0 0 0 2 0 0 1 
2 0 2 0 2 0 0 0 0 0 0 0 0 0 0 0 0 0 0 0 
0 0 0 0 0 0 0 0 0 0 0 0 0 2 0 0 0 0 2 2 
0 0 0 0 0 0 0 2 0 0 0 0 2 0 0 0 0 2 0 0 
2 0 0 0 0 2 0 0 0 0 0 0 0 0 0 0 0 0 0 0 
0 0 2 0 0 0 0 0 0 0 0 0 0 0 0 0 2 2 0 0 
0 0 0 0 0 0 0 0 0 2 2 0 0 0 0 2 0 0 0 0 
0 0 0 0 0 2 0 0 0 0 0 0 0 2 0 2 0 0 0 0 
0 0 0 0 0 0 1 0 0 0 0 0 2 0 0 0 0 0 0 0 
0 0 0 0 0 0 1 0 2 0 1 0 2 0 0 0 0 0 0 0 

N=20
X: 
9 9 4 9 9 9 9 9 9 9 2 8 6 9 9 9 9 9 9 2 
E: 
0 0 2 0 2 0 0 0 0 0 0 0 0 0 0 0 0 0 0 2 
0 0 0 0 0 1 0 0 0 2 0 0 0 0 0 0 0 0 2 0 
2 0 0 0 0 0 0 0 2 0 0 0 0 0 0 0 0 0 0 0 
0 0 0 0 0 0 2 0 0 0 0 0 2 0 0 0 0 0 0 0 
2 0 0 0 0 0 0 0 2 0 0 0 0 0 0 0 0 0 0 0 
0 1 0 0 0 0 0 0 0 1 0 0 0 0 0 2 1 0 1 0 
0 0 0 2 0 0 0 0 0 0 0 0 2 0 2 0 0 0 0 0 
0 0 0 0 0 0 0 0 0 0 1 0 0 1 1 0 0 0 0 0 
0 0 2 0 2 0 0 0 0 0 0 0 0 0 0 0 0 0 0 0 
0 2 0 0 0 1 0 0 0 0 0 0 0 0 0 0 2 0 1 0 
0 0 0 0 0 0 0 1 0 0 0 0 0 0 0 0 0 0 0 0 
0 0 0 0 0 0 0 0 0 0 0 0 0 0 2 2 0 0 0 0 
0 0 0 2 0 0 2 0 0 0 0 0 0 0 0 0 0 2 0 0 
0 0 0 0 0 0 0 1 0 0 0 0 0 0 0 0 0 2 2 0 
0 0 0 0 0 0 2 1 0 0 0 2 0 0 0 0 0 0 0 0 
0 0 0 0 0 2 0 0 0 0 0 2 0 0 0 0 0 0 0 0 
0 0 0 0 0 1 0 0 0 2 0 0 0 0 0 0 0 0 1 0 
0 0 0 0 0 0 0 0 0 0 0 0 2 2 0 0 0 0 0 0 
0 2 0 0 0 1 0 0 0 1 0 0 0 2 0 0 1 0 0 0 
2 0 0 0 0 0 0 0 0 0 0 0 0 0 0 0 0 0 0 0 

N=20
X: 
9 9 9 9 9 9 9 9 9 2 9 9 9 1 9 9 9 9 9 9 
E: 
0 0 0 0 0 0 1 0 1 0 0 0 0 0 0 0 0 0 0 0 
0 0 0 0 0 0 0 0 0 0 0 2 0 0 0 2 0 2 2 2 
0 0 0 0 0 0 0 0 0 0 2 0 0 0 2 0 2 2 0 2 
0 0 0 0 0 0 0 0 0 0 0 0 0 0 0 2 0 2 0 2 
0 0 0 0 0 0 0 0 2 0 0 0 1 0 0 0 0 0 0 0 
0 0 0 0 0 0 0 0 0 0 0 0 0 0 0 0 2 2 0 0 
1 0 0 0 0 0 0 0 0 0 0 0 0 2 0 0 0 0 2 0 
0 0 0 0 0 0 0 0 0 0 2 0 0 0 0 0 0 0 0 0 
1 0 0 0 2 0 0 0 0 0 0 0 2 0 0 0 0 0 0 0 
0 0 0 0 0 0 0 0 0 0 1 1 0 0 0 0 0 0 0 0 
0 0 2 0 0 0 0 2 0 1 0 2 0 0 0 0 0 2 0 0 
0 2 0 0 0 0 0 0 0 1 2 0 0 0 0 0 0 0 0 0 
0 0 0 0 1 0 0 0 2 0 0 0 0 0 0 0 0 0 0 0 
0 0 0 0 0 0 2 0 0 0 0 0 0 0 0 0 0 0 0 0 
0 0 2 0 0 0 0 0 0 0 0 0 0 0 0 0 2 2 0 0 
0 2 0 2 0 0 0 0 0 0 0 0 0 0 0 0 0 2 0 0 
0 0 2 0 0 2 0 0 0 0 0 0 0 0 2 0 0 2 0 0 
0 2 2 2 0 2 0 0 0 0 2 0 0 0 2 2 2 0 2 2 
0 2 0 0 0 0 2 0 0 0 0 0 0 0 0 0 0 2 0 0 
0 2 2 2 0 0 0 0 0 0 0 0 0 0 0 0 0 2 0 0 

N=20
X: 
9 9 9 7 9 9 9 9 9 9 9 9 9 6 9 9 9 9 9 9 
E: 
0 2 0 0 0 0 2 2 2 0 0 0 0 0 2 0 0 2 0 0 
2 0 0 0 0 1 0 0 2 1 0 0 0 0 0 0 0 2 0 0 
0 0 0 0 0 0 0 0 0 0 0 2 2 0 0 0 2 0 0 0 
0 0 0 0 0 0 0 0 0 0 0 0 0 2 0 0 0 0 0 2 
0 0 0 0 0 1 0 0 0 0 0 1 0 0 0 0 0 0 1 0 
0 1 0 0 1 0 0 0 0 0 0 0 0 0 0 0 0 0 0 0 
2 0 0 0 0 0 0 2 2 0 0 0 0 0 2 0 0 2 0 0 
2 0 0 0 0 0 2 0 2 0 0 0 0 0 2 0 0 2 0 0 
2 2 0 0 0 0 2 2 0 0 0 0 0 0 2 0 0 2 0 0 
0 1 0 0 0 0 0 0 0 0 0 0 0 0 0 0 1 0 0 0 
0 0 0 0 0 0 0 0 0 0 0 0 2 2 0 2 0 0 0 0 
0 0 2 0 1 0 0 0 0 0 0 0 0 0 0 0 2 0 0 0 
0 0 2 0 0 0 0 0 0 0 2 0 0 0 0 2 2 0 0 2 
0 0 0 2 0 0 0 0 0 0 2 0 0 0 0 0 0 0 0 0 
2 0 0 0 0 0 2 2 2 0 0 0 0 0 0 0 0 2 0 0 
0 0 0 0 0 0 0 0 0 0 2 0 2 0 0 0 0 0 2 0 
0 0 2 0 0 0 0 0 0 1 0 2 2 0 0 0 0 0 2 0 
2 2 0 0 0 0 2 2 2 0 0 0 0 0 2 0 0 0 0 0 
0 0 0 0 1 0 0 0 0 0 0 0 0 0 0 2 2 0 0 0 
0 0 0 2 0 0 0 0 0 0 0 0 2 0 0 0 0 0 0 0 

N=20
X: 
9 9 9 9 9 9 1 9 9 9 9 9 9 9 4 9 9 9 9 9 
E: 
0 2 2 0 2 0 0 0 2 2 0 2 0 2 0 2 2 2 0 2 
2 0 2 0 2 0 0 0 2 0 0 0 0 0 0 0 2 2 0 2 
2 2 0 0 2 0 0 0 2 0 0 0 0 2 0 0 2 2 0 2 
0 0 0 0 0 0 0 2 0 2 2 0 0 0 0 0 0 0 0 0 
2 2 2 0 0 0 0 0 2 0 0 2 0 2 0 2 2 2 0 2 
0 0 0 0 0 0 0 0 0 2 0 0 2 0 0 0 0 0 0 0 
0 0 0 0 0 0 0 0 0 0 0 0 2 0 0 0 0 0 0 0 
0 0 0 2 0 0 0 0 0 2 0 2 0 0 0 0 0 0 0 0 
2 2 2 0 2 0 0 0 0 0 0 0 0 2 0 0 2 2 0 2 
2 0 0 2 0 2 0 2 0 0 0 0 0 0 0 0 2 0 0 2 
0 0 0 2 0 0 0 0 0 0 0 2 2 0 0 0 2 0 2 0 
2 0 0 0 2 0 0 2 0 0 2 0 0 2 0 2 2 2 0 2 
0 0 0 0 0 2 2 0 0 0 2 0 0 0 0 0 0 0 0 0 
2 0 2 0 2 0 0 0 2 0 0 2 0 0 0 0 2 2 0 0 
0 0 0 0 0 0 0 0 0 0 0 0 0 0 0 0 0 0 1 0 
2 0 0 0 2 0 0 0 0 0 0 2 0 0 0 0 0 0 0 2 
2 2 2 0 2 0 0 0 2 2 2 2 0 2 0 0 0 2 0 2 
2 2 2 0 2 0 0 0 2 0 0 2 0 2 0 0 2 0 0 2 
0 0 0 0 0 0 0 0 0 0 2 0 0 0 1 0 0 0 0 0 
2 2 2 0 2 0 0 0 2 2 0 2 0 0 0 2 2 2 0 0 

N=20
X: 
9 9 9 9 9 9 9 9 9 9 9 9 9 9 9 9 9 3 9 9 
E: 
0 2 0 0 0 0 2 0 0 0 0 0 0 0 0 0 0 0 0 0 
2 0 0 0 0 2 0 0 0 0 0 0 0 0 0 0 0 0 0 0 
0 0 0 0 0 0 0 2 2 0 0 2 0 0 0 0 0 0 0 0 
0 0 0 0 0 0 2 0 0 2 2 0 2 0 0 0 0 0 0 0 
0 0 0 0 0 0 0 0 0 0 0 0 2 0 0 0 2 0 0 2 
0 2 0 0 0 0 2 0 0 0 0 0 0 0 0 0 2 2 0 0 
2 0 0 2 0 2 0 0 0 0 0 0 2 2 0 2 2 2 2 0 
0 0 2 0 0 0 0 0 0 0 0 0 0 0 0 0 0 0 0 0 
0 0 2 0 0 0 0 0 0 2 0 2 0 0 0 0 0 0 0 0 
0 0 0 2 0 0 0 0 2 0 0 0 0 0 2 0 0 0 0 2 
0 0 0 2 0 0 0 0 0 0 0 0 0 0 0 2 0 0 0 0 
0 0 2 0 0 0 0 0 2 0 0 0 0 0 0 0 0 0 0 2 
0 0 0 2 2 0 2 0 0 0 0 0 0 2 0 0 2 0 2 1 
0 0 0 0 0 0 2 0 0 0 0 0 2 0 2 0 2 0 0 2 
0 0 0 0 0 0 0 0 0 2 0 0 0 2 0 0 0 0 0 0 
0 0 0 0 0 0 2 0 0 0 2 0 0 0 0 0 0 0 0 0 
0 0 0 0 2 2 2 0 0 0 0 0 2 2 0 0 0 0 0 0 
0 0 0 0 0 2 2 0 0 0 0 0 0 0 0 0 0 0 0 0 
0 0 0 0 0 0 2 0 0 0 0 0 2 0 0 0 0 0 0 0 
0 0 0 0 2 0 0 0 0 2 0 2 1 2 0 0 0 0 0 0 

N=20
X: 
4 9 9 9 1 9 5 9 2 9 9 9 3 2 9 9 9 9 9 9 
E: 
0 0 0 0 0 0 0 0 0 0 1 0 0 0 0 0 1 0 0 0 
0 0 0 2 0 0 0 2 0 2 0 0 2 0 2 2 0 0 0 2 
0 0 0 0 0 0 0 0 0 0 0 0 0 0 2 0 0 0 0 0 
0 2 0 0 0 0 0 2 0 0 0 0 0 0 0 2 0 0 0 0 
0 0 0 0 0 0 2 0 0 0 0 0 0 0 0 0 0 0 0 0 
0 0 0 0 0 0 0 0 0 0 0 2 0 0 0 0 0 2 0 0 
0 0 0 0 2 0 0 0 0 0 0 0 0 0 0 0 2 0 0 2 
0 2 0 2 0 0 0 0 0 0 0 0 0 0 0 2 0 0 2 0 
0 0 0 0 0 0 0 0 0 0 0 0 0 0 0 0 0 0 0 2 
0 2 0 0 0 0 0 0 0 0 0 0 2 0 2 0 0 0 0 0 
1 0 0 0 0 0 0 0 0 0 0 0 0 0 0 1 0 1 0 0 
0 0 0 0 0 2 0 0 0 0 0 0 0 0 2 0 2 0 0 0 
0 2 0 0 0 0 0 0 0 2 0 0 0 0 0 0 0 0 0 0 
0 0 0 0 0 0 0 0 0 0 0 0 0 0 0 0 0 0 0 2 
0 2 2 0 0 0 0 0 0 2 0 2 0 0 0 0 0 0 0 0 
0 2 0 2 0 0 0 2 0 0 1 0 0 0 0 0 0 0 0 0 
1 0 0 0 0 0 2 0 0 0 0 2 0 0 0 0 0 0 0 0 
0 0 0 0 0 2 0 0 0 0 1 0 0 0 0 0 0 0 0 0 
0 0 0 0 0 0 0 2 0 0 0 0 0 0 0 0 0 0 0 0 
0 2 0 0 0 0 2 0 2 0 0 0 0 2 0 0 0 0 0 0 

N=20
X: 
9 9 9 9 9 9 9 9 9 9 9 9 9 9 9 9 9 1 9 9 
E: 
0 0 0 0 0 0 0 0 0 0 0 0 0 2 0 0 2 0 0 0 
0 0 2 0 0 0 2 0 0 0 0 0 0 0 0 0 0 0 0 0 
0 2 0 0 2 0 0 0 0 0 0 0 0 0 0 0 0 0 0 2 
0 0 0 0 0 0 0 0 2 0 0 2 0 0 0 2 0 0 2 2 
0 0 2 0 0 0 0 0 0 0 0 0 2 0 0 0 0 0 0 0 
0 0 0 0 0 0 0 2 2 2 2 2 0 0 0 0 0 0 0 2 
0 2 0 0 0 0 0 0 0 0 0 0 2 0 0 0 0 0 0 0 
0 0 0 0 0 2 0 0 2 0 2 2 0 0 0 0 0 0 0 2 
0 0 0 2 0 2 0 2 0 2 2 2 0 0 0 0 0 0 0 1 
0 0 0 0 0 2 0 0 2 0 2 2 0 0 2 0 0 0 0 0 
0 0 0 0 0 2 0 2 2 2 0 0 0 0 0 2 0 0 2 2 
0 0 0 2 0 2 0 2 2 2 0 0 0 0 0 2 0 0 0 2 
0 0 0 0 2 0 2 0 0 0 0 0 0 0 0 0 0 2 0 0 
2 0 0 0 0 0 0 0 0 0 0 0 0 0 0 0 2 0 0 0 
0 0 0 0 0 0 0 0 0 2 0 0 0 0 0 0 0 0 0 0 
0 0 0 2 0 0 0 0 0 0 2 2 0 0 0 0 0 0 2 2 
2 0 0 0 0 0 0 0 0 0 0 0 0 2 0 0 0 0 0 0 
0 0 0 0 0 0 0 0 0 0 0 0 2 0 0 0 0 0 0 0 
0 0 0 2 0 0 0 0 0 0 2 0 0 0 0 2 0 0 0 0 
0 0 2 2 0 2 0 2 1 0 2 2 0 0 0 2 0 0 0 0 

N=20
X: 
9 1 9 9 1 9 9 9 9 9 2 9 9 9 3 1 4 9 9 9 
E: 
0 0 0 0 0 0 2 2 0 0 0 0 0 0 0 0 0 0 0 0 
0 0 0 0 0 1 0 0 0 0 0 0 0 0 0 0 0 0 0 0 
0 0 0 0 0 0 0 2 0 0 0 0 0 0 0 0 0 0 0 2 
0 0 0 0 0 0 0 0 0 0 0 0 2 0 0 0 0 0 2 0 
0 0 0 0 0 0 0 0 2 0 0 0 0 0 0 0 0 0 0 0 
0 1 0 0 0 0 2 0 0 0 0 0 0 0 0 0 0 0 0 0 
2 0 0 0 0 2 0 0 0 0 0 0 0 0 0 0 0 0 0 0 
2 0 2 0 0 0 0 0 0 0 0 0 0 0 0 0 0 0 0 0 
0 0 0 0 2 0 0 0 0 0 2 0 0 0 2 2 0 0 0 0 
0 0 0 0 0 0 0 0 0 0 0 0 0 1 0 0 0 0 0 0 
0 0 0 0 0 0 0 0 2 0 0 0 0 0 0 0 0 0 0 0 
0 0 0 0 0 0 0 0 0 0 0 0 0 0 0 0 0 0 0 2 
0 0 0 2 0 0 0 0 0 0 0 0 0 0 0 0 0 0 0 0 
0 0 0 0 0 0 0 0 0 1 0 0 0 0 0 0 1 1 0 0 
0 0 0 0 0 0 0 0 2 0 0 0 0 0 0 0 0 2 0 0 
0 0 0 0 0 0 0 0 2 0 0 0 0 0 0 0 0 0 0 0 
0 0 0 0 0 0 0 0 0 0 0 0 0 1 0 0 0 0 0 0 
0 0 0 0 0 0 0 0 0 0 0 0 0 1 2 0 0 0 0 0 
0 0 0 2 0 0 0 0 0 0 0 0 0 0 0 0 0 0 0 0 
0 0 2 0 0 0 0 0 0 0 0 2 0 0 0 0 0 0 0 0 

N=20
X: 
9 9 1 9 9 9 9 9 3 9 9 9 9 9 9 6 9 9 9 7 
E: 
0 0 0 0 2 0 0 0 0 0 0 0 0 0 2 0 0 0 0 0 
0 0 0 0 2 0 0 0 0 0 0 0 0 0 2 0 0 0 0 0 
0 0 0 0 0 0 1 0 0 0 0 0 0 0 0 0 0 0 0 0 
0 0 0 0 0 0 1 1 1 0 1 0 1 1 0 0 0 0 0 0 
2 2 0 0 0 0 0 0 0 0 0 0 0 0 0 0 0 0 0 0 
0 0 0 0 0 0 0 0 0 0 0 0 0 0 0 2 2 0 0 0 
0 0 1 1 0 0 0 0 0 0 0 0 0 0 0 0 2 0 2 0 
0 0 0 1 0 0 0 0 0 0 2 2 2 2 0 0 0 0 0 0 
0 0 0 1 0 0 0 0 0 0 0 0 0 0 0 0 0 0 0 0 
0 0 0 0 0 0 0 0 0 0 0 0 0 0 0 0 0 2 0 2 
0 0 0 1 0 0 0 2 0 0 0 2 2 2 0 0 0 0 0 0 
0 0 0 0 0 0 0 2 0 0 2 0 0 0 0 0 0 0 0 0 
0 0 0 1 0 0 0 2 0 0 2 0 0 1 0 0 0 0 0 0 
0 0 0 1 0 0 0 2 0 0 2 0 1 0 0 0 0 0 0 0 
2 2 0 0 0 0 0 0 0 0 0 0 0 0 0 0 0 2 0 0 
0 0 0 0 0 2 0 0 0 0 0 0 0 0 0 0 0 0 0 2 
0 0 0 0 0 2 2 0 0 0 0 0 0 0 0 0 0 0 2 0 
0 0 0 0 0 0 0 0 0 2 0 0 0 0 2 0 0 0 0 0 
0 0 0 0 0 0 2 0 0 0 0 0 0 0 0 0 2 0 0 0 
0 0 0 0 0 0 0 0 0 2 0 0 0 0 0 2 0 0 0 0 

N=20
X: 
1 4 2 9 9 1 9 1 9 9 9 9 9 9 9 9 9 1 9 9 
E: 
0 0 0 0 0 0 2 0 0 0 0 0 0 0 0 0 0 0 0 0 
0 0 0 0 0 0 0 0 0 0 0 0 0 0 0 1 0 0 0 0 
0 0 0 0 0 0 2 0 0 0 0 0 0 0 0 0 2 0 0 0 
0 0 0 0 2 0 0 0 2 2 0 2 2 0 0 2 0 0 0 0 
0 0 0 2 0 0 0 0 0 0 0 2 0 2 0 0 0 0 0 0 
0 0 0 0 0 0 0 0 0 0 0 0 0 0 0 0 1 0 0 0 
2 0 2 0 0 0 0 0 0 0 0 0 0 0 0 0 0 0 2 0 
0 0 0 0 0 0 0 0 0 0 0 0 0 0 0 0 2 0 0 0 
0 0 0 2 0 0 0 0 0 2 0 0 0 0 0 0 0 0 0 0 
0 0 0 2 0 0 0 0 2 0 2 0 2 0 2 0 0 0 0 0 
0 0 0 0 0 0 0 0 0 2 0 0 0 0 0 0 0 0 0 2 
0 0 0 2 2 0 0 0 0 0 0 0 0 0 0 0 0 0 0 0 
0 0 0 2 0 0 0 0 0 2 0 0 0 0 0 0 0 0 2 0 
0 0 0 0 2 0 0 0 0 0 0 0 0 0 0 0 0 0 0 0 
0 0 0 0 0 0 0 0 0 2 0 0 0 0 0 0 1 0 0 0 
0 1 0 2 0 0 0 0 0 0 0 0 0 0 0 0 0 0 0 2 
0 0 2 0 0 1 0 2 0 0 0 0 0 0 1 0 0 1 0 0 
0 0 0 0 0 0 0 0 0 0 0 0 0 0 0 0 1 0 0 0 
0 0 0 0 0 0 2 0 0 0 0 0 2 0 0 0 0 0 0 0 
0 0 0 0 0 0 0 0 0 0 2 0 0 0 0 2 0 0 0 0 

N=20
X: 
9 9 8 9 9 1 8 9 9 9 9 9 9 1 9 9 3 9 9 9 
E: 
0 0 0 1 1 0 0 0 0 0 0 0 0 0 0 0 0 0 0 0 
0 0 0 0 0 0 0 0 0 0 2 0 0 0 0 0 0 0 0 2 
0 0 0 0 0 0 0 0 1 0 0 0 0 0 0 0 0 0 0 0 
1 0 0 0 1 0 1 0 0 0 1 1 0 0 0 0 0 0 0 2 
1 0 0 1 0 0 0 0 0 0 1 1 1 0 1 0 0 0 0 0 
0 0 0 0 0 0 0 0 0 0 0 0 0 0 0 0 0 1 0 0 
0 0 0 1 0 0 0 0 1 0 0 0 0 0 0 0 0 0 0 0 
0 0 0 0 0 0 0 0 0 0 2 0 0 0 0 0 0 0 2 2 
0 0 1 0 0 0 1 0 0 1 0 0 0 1 0 0 0 0 0 0 
0 0 0 0 0 0 0 0 1 0 0 0 0 0 2 2 0 0 0 0 
0 2 0 1 1 0 0 2 0 0 0 0 0 0 0 0 0 0 2 0 
0 0 0 1 1 0 0 0 0 0 0 0 2 0 2 0 0 0 1 0 
0 0 0 0 1 0 0 0 0 0 0 2 0 0 0 0 0 0 0 0 
0 0 0 0 0 0 0 0 1 0 0 0 0 0 0 0 0 0 0 0 
0 0 0 0 1 0 0 0 0 2 0 2 0 0 0 0 0 1 0 0 
0 0 0 0 0 0 0 0 0 2 0 0 0 0 0 0 0 1 0 0 
0 0 0 0 0 0 0 0 0 0 0 0 0 0 0 0 0 1 0 0 
0 0 0 0 0 1 0 0 0 0 0 0 0 0 1 1 1 0 0 0 
0 0 0 0 0 0 0 2 0 0 2 1 0 0 0 0 0 0 0 0 
0 2 0 2 0 0 0 2 0 0 0 0 0 0 0 0 0 0 0 0 

N=20
X: 
9 9 9 1 9 9 9 9 9 9 9 9 9 9 9 9 9 9 9 9 
E: 
0 0 0 0 0 0 0 0 0 0 0 0 1 1 0 0 0 0 0 1 
0 0 0 0 2 2 0 0 0 0 2 2 0 2 2 0 2 2 2 2 
0 0 0 0 2 0 0 0 0 0 0 0 0 2 0 0 0 0 0 0 
0 0 0 0 0 0 0 2 0 0 0 0 0 0 0 0 0 0 0 0 
0 2 2 0 0 2 0 0 0 2 0 0 2 2 0 1 0 0 2 2 
0 2 0 0 2 0 0 0 0 0 0 0 0 0 2 0 0 2 2 2 
0 0 0 0 0 0 0 0 0 0 2 0 0 0 0 1 0 0 0 0 
0 0 0 2 0 0 0 0 1 0 0 0 2 2 0 0 2 0 0 0 
0 0 0 0 0 0 0 1 0 0 1 0 0 0 0 0 0 0 0 0 
0 0 0 0 2 0 0 0 0 0 0 0 2 0 0 0 2 0 0 0 
0 2 0 0 0 0 2 0 1 0 0 0 0 0 0 0 0 2 0 0 
0 2 0 0 0 0 0 0 0 0 0 0 0 0 2 0 0 2 0 0 
1 0 0 0 2 0 0 2 0 2 0 0 0 0 2 0 0 0 2 1 
1 2 2 0 2 0 0 2 0 0 0 0 0 0 2 0 0 2 0 2 
0 2 0 0 0 2 0 0 0 0 0 2 2 2 0 0 0 2 2 2 
0 0 0 0 1 0 1 0 0 0 0 0 0 0 0 0 0 0 0 0 
0 2 0 0 0 0 0 2 0 2 0 0 0 0 0 0 0 0 0 0 
0 2 0 0 0 2 0 0 0 0 2 2 0 2 2 0 0 0 2 2 
0 2 0 0 2 2 0 0 0 0 0 0 2 0 2 0 0 2 0 2 
1 2 0 0 2 2 0 0 0 0 0 0 1 2 2 0 0 2 2 0 

N=20
X: 
9 1 9 9 9 9 9 9 9 9 9 9 9 9 4 9 9 9 9 9 
E: 
0 0 0 0 0 1 0 1 2 0 0 2 1 1 0 0 0 0 1 0 
0 0 0 2 0 0 0 0 0 0 0 0 0 0 0 0 0 0 0 0 
0 0 0 2 0 0 0 0 0 0 0 1 0 0 0 0 0 0 0 0 
0 2 2 0 0 0 0 0 0 0 0 0 0 0 2 0 0 0 0 0 
0 0 0 0 0 2 0 0 0 0 0 0 0 2 0 2 0 0 1 0 
1 0 0 0 2 0 0 0 0 0 0 0 2 0 0 2 0 0 0 0 
0 0 0 0 0 0 0 0 0 0 2 0 0 0 0 2 0 0 0 0 
1 0 0 0 0 0 0 0 0 0 0 0 0 0 0 0 1 0 0 0 
2 0 0 0 0 0 0 0 0 0 0 1 0 0 0 0 1 0 1 0 
0 0 0 0 0 0 0 0 0 0 1 0 0 0 0 0 0 0 1 1 
0 0 0 0 0 0 2 0 0 1 0 0 0 0 0 0 1 0 0 0 
2 0 1 0 0 0 0 0 1 0 0 0 1 1 0 0 0 1 1 0 
1 0 0 0 0 2 0 0 0 0 0 1 0 2 0 0 0 0 0 0 
1 0 0 0 2 0 0 0 0 0 0 1 2 0 0 2 0 0 0 0 
0 0 0 2 0 0 0 0 0 0 0 0 0 0 0 0 0 2 0 0 
0 0 0 0 2 2 2 0 0 0 0 0 0 2 0 0 0 0 0 0 
0 0 0 0 0 0 0 1 1 0 1 0 0 0 0 0 0 0 0 0 
0 0 0 0 0 0 0 0 0 0 0 1 0 0 2 0 0 0 1 2 
1 0 0 0 1 0 0 0 1 1 0 1 0 0 0 0 0 1 0 1 
0 0 0 0 0 0 0 0 0 1 0 0 0 0 0 0 0 2 1 0 

N=20
X: 
9 9 9 9 9 9 9 9 8 9 9 9 9 9 9 1 9 9 9 9 
E: 
0 2 0 0 2 0 0 0 0 0 0 0 0 2 0 0 0 0 0 0 
2 0 0 0 0 0 0 0 0 0 0 0 1 0 0 0 1 0 0 0 
0 0 0 0 0 0 0 2 0 0 0 0 0 0 0 0 0 0 1 0 
0 0 0 0 0 2 0 0 0 0 0 0 0 0 0 0 0 0 0 0 
2 0 0 0 0 0 0 0 0 0 0 0 0 2 2 0 0 0 0 0 
0 0 0 2 0 0 0 0 0 0 0 0 0 0 0 0 0 2 0 0 
0 0 0 0 0 0 0 0 0 2 2 0 0 2 0 0 0 0 0 0 
0 0 2 0 0 0 0 0 0 0 0 2 0 0 0 0 0 0 0 0 
0 0 0 0 0 0 0 0 0 0 0 0 2 0 0 2 2 0 0 0 
0 0 0 0 0 0 2 0 0 0 0 0 0 0 0 0 0 0 0 2 
0 0 0 0 0 0 2 0 0 0 0 2 0 0 0 0 0 0 0 2 
0 0 0 0 0 0 0 2 0 0 2 0 0 0 0 0 0 0 2 0 
0 1 0 0 0 0 0 0 2 0 0 0 0 0 0 0 0 0 0 0 
2 0 0 0 2 0 2 0 0 0 0 0 0 0 0 0 0 0 0 0 
0 0 0 0 2 0 0 0 0 0 0 0 0 0 0 0 0 2 0 0 
0 0 0 0 0 0 0 0 2 0 0 0 0 0 0 0 0 0 0 0 
0 1 0 0 0 0 0 0 2 0 0 0 0 0 0 0 0 0 0 0 
0 0 0 0 0 2 0 0 0 0 0 0 0 0 2 0 0 0 0 0 
0 0 1 0 0 0 0 0 0 0 0 2 0 0 0 0 0 0 0 0 
0 0 0 0 0 0 0 0 0 2 2 0 0 0 0 0 0 0 0 0 

N=20
X: 
9 1 9 8 9 9 9 9 9 1 9 9 9 9 2 9 9 9 9 9 
E: 
0 0 0 0 2 0 0 0 2 0 2 0 2 0 0 0 0 0 2 0 
0 0 0 0 0 0 0 0 0 0 0 0 0 2 0 0 0 0 0 0 
0 0 0 0 0 0 2 0 0 0 0 0 0 0 0 0 0 2 0 0 
0 0 0 0 0 2 0 0 0 0 0 2 0 0 0 1 0 0 0 0 
2 0 0 0 0 0 0 0 2 0 2 0 2 0 0 0 0 0 2 0 
0 0 0 2 0 0 0 0 0 0 0 2 0 0 0 1 2 0 0 0 
0 0 2 0 0 0 0 0 0 0 0 0 2 0 2 0 0 0 2 0 
0 0 0 0 0 0 0 0 0 1 0 0 0 2 0 0 0 0 0 1 
2 0 0 0 2 0 0 0 0 0 2 0 2 0 0 0 0 0 2 0 
0 0 0 0 0 0 0 1 0 0 0 0 0 0 0 0 0 0 0 0 
2 0 0 0 2 0 0 0 2 0 0 0 2 0 0 0 0 0 2 0 
0 0 0 2 0 2 0 0 0 0 0 0 0 0 0 1 0 0 0 0 
2 0 0 0 2 0 2 0 2 0 2 0 0 0 0 0 0 0 0 0 
0 2 0 0 0 0 0 2 0 0 0 0 0 0 0 0 0 2 0 2 
0 0 0 0 0 0 2 0 0 0 0 0 0 0 0 0 0 0 0 0 
0 0 0 1 0 1 0 0 0 0 0 1 0 0 0 0 0 0 0 0 
0 0 0 0 0 2 0 0 0 0 0 0 0 0 0 0 0 0 0 2 
0 0 2 0 0 0 0 0 0 0 0 0 0 2 0 0 0 0 0 0 
2 0 0 0 2 0 2 0 2 0 2 0 0 0 0 0 0 0 0 0 
0 0 0 0 0 0 0 1 0 0 0 0 0 2 0 0 2 0 0 0 

N=20
X: 
9 9 1 9 5 9 9 9 9 9 3 9 9 1 9 9 9 6 9 9 
E: 
0 0 0 0 0 0 0 0 2 0 0 2 0 0 0 0 0 0 0 2 
0 0 0 0 0 0 0 0 0 0 0 2 1 0 0 0 0 0 0 0 
0 0 0 0 0 0 0 0 0 0 2 0 0 0 0 0 0 0 0 0 
0 0 0 0 0 0 0 0 0 0 0 0 1 0 0 0 1 0 0 0 
0 0 0 0 0 0 0 0 0 0 0 0 0 2 2 0 0 0 0 0 
0 0 0 0 0 0 0 0 0 1 0 0 0 0 0 1 1 1 0 0 
0 0 0 0 0 0 0 0 0 0 0 0 0 0 2 0 0 0 2 0 
0 0 0 0 0 0 0 0 2 0 0 0 1 0 0 0 0 0 0 2 
2 0 0 0 0 0 0 2 0 0 0 0 0 0 0 0 0 0 0 2 
0 0 0 0 0 1 0 0 0 0 0 0 0 0 0 0 0 0 0 0 
0 0 2 0 0 0 0 0 0 0 0 0 0 0 0 0 0 0 2 0 
2 2 0 0 0 0 0 0 0 0 0 0 0 0 0 0 0 0 0 0 
0 1 0 1 0 0 0 1 0 0 0 0 0 0 0 0 0 0 0 0 
0 0 0 0 2 0 0 0 0 0 0 0 0 0 0 0 0 0 0 0 
0 0 0 0 2 0 2 0 0 0 0 0 0 0 0 0 0 0 0 0 
0 0 0 0 0 1 0 0 0 0 0 0 0 0 0 0 0 2 0 0 
0 0 0 1 0 1 0 0 0 0 0 0 0 0 0 0 0 0 0 0 
0 0 0 0 0 1 0 0 0 0 0 0 0 0 0 2 0 0 0 0 
0 0 0 0 0 0 2 0 0 0 2 0 0 0 0 0 0 0 0 0 
2 0 0 0 0 0 0 2 2 0 0 0 0 0 0 0 0 0 0 0 

N=20
X: 
9 9 9 9 9 9 9 9 9 9 9 9 9 9 9 9 9 2 9 9 
E: 
0 2 2 2 2 2 2 2 2 2 0 1 2 2 2 2 2 0 2 2 
2 0 2 2 2 2 2 2 2 2 0 1 2 2 2 2 2 0 2 2 
2 2 0 2 2 2 2 2 2 2 0 0 2 2 2 2 2 0 2 2 
2 2 2 0 2 2 2 2 2 2 0 0 2 2 2 2 2 0 2 2 
2 2 2 2 0 2 2 2 2 2 2 0 2 2 2 2 2 0 2 2 
2 2 2 2 2 0 2 2 2 2 0 0 0 2 0 2 0 0 2 2 
2 2 2 2 2 2 0 2 2 2 2 0 2 2 2 2 2 0 2 2 
2 2 2 2 2 2 2 0 2 2 2 0 2 2 2 2 2 0 2 2 
2 2 2 2 2 2 2 2 0 2 2 0 2 2 2 2 2 0 2 2 
2 2 2 2 2 2 2 2 2 0 2 0 2 2 0 2 2 0 2 2 
0 0 0 0 2 0 2 2 2 2 0 0 2 2 0 2 2 0 2 2 
1 1 0 0 0 0 0 0 0 0 0 0 0 0 0 0 0 1 0 0 
2 2 2 2 2 0 2 2 2 2 2 0 0 2 2 2 2 0 2 2 
2 2 2 2 2 2 2 2 2 2 2 0 2 0 2 2 2 0 2 2 
2 2 2 2 2 0 2 2 2 0 0 0 2 2 0 2 2 0 2 2 
2 2 2 2 2 2 2 2 2 2 2 0 2 2 2 0 2 0 2 2 
2 2 2 2 2 0 2 2 2 2 2 0 2 2 2 2 0 0 2 2 
0 0 0 0 0 0 0 0 0 0 0 1 0 0 0 0 0 0 0 0 
2 2 2 2 2 2 2 2 2 2 2 0 2 2 2 2 2 0 0 2 
2 2 2 2 2 2 2 2 2 2 2 0 2 2 2 2 2 0 2 0 

N=20
X: 
9 9 9 9 9 9 9 9 9 9 9 9 9 9 9 9 9 9 9 9 
E: 
0 0 0 0 0 0 0 0 0 0 0 0 2 0 0 0 2 0 0 0 
0 0 0 0 0 2 2 2 0 0 0 0 0 0 0 0 0 0 0 0 
0 0 0 0 0 2 0 0 0 0 0 0 0 0 2 0 2 0 0 0 
0 0 0 0 2 0 0 2 0 2 2 0 0 2 0 2 0 2 2 2 
0 0 0 2 0 0 0 0 0 0 0 2 2 0 1 0 0 0 0 0 
0 2 2 0 0 0 0 0 0 0 0 0 0 0 2 0 0 0 0 0 
0 2 0 0 0 0 0 0 0 0 0 2 1 0 0 0 0 2 0 0 
0 2 0 2 0 0 0 0 0 2 2 0 0 2 0 2 0 2 2 2 
0 0 0 0 0 0 0 0 0 0 0 2 2 0 0 0 0 0 0 0 
0 0 0 2 0 0 0 2 0 0 2 0 0 2 0 2 0 2 2 2 
0 0 0 2 0 0 0 2 0 2 0 0 0 2 0 2 0 2 2 2 
0 0 0 0 2 0 2 0 2 0 0 0 0 0 0 0 0 0 0 0 
2 0 0 0 2 0 1 0 2 0 0 0 0 0 0 0 0 0 0 0 
0 0 0 2 0 0 0 2 0 2 2 0 0 0 0 2 0 0 2 2 
0 0 2 0 1 2 0 0 0 0 0 0 0 0 0 0 0 0 0 0 
0 0 0 2 0 0 0 2 0 2 2 0 0 2 0 0 2 2 2 2 
2 0 2 0 0 0 0 0 0 0 0 0 0 0 0 2 0 0 0 0 
0 0 0 2 0 0 2 2 0 2 2 0 0 0 0 2 0 0 2 0 
0 0 0 2 0 0 0 2 0 2 2 0 0 2 0 2 0 2 0 2 
0 0 0 2 0 0 0 2 0 2 2 0 0 2 0 2 0 0 2 0 

N=16
X: 
9 9 5 9 9 5 9 1 9 1 1 9 9 1 1 1 
E: 
0 0 2 2 0 0 0 0 2 0 0 2 2 0 0 0 
0 0 0 0 2 0 2 0 0 0 0 0 0 0 0 0 
2 0 0 0 0 2 0 0 0 0 0 0 0 2 0 2 
2 0 0 0 0 0 0 0 2 0 0 2 2 0 0 0 
0 2 0 0 0 2 0 0 0 0 0 0 0 0 0 0 
0 0 2 0 2 0 0 2 0 2 0 0 0 0 0 0 
0 2 0 0 0 0 0 0 0 0 1 0 0 0 1 0 
0 0 0 0 0 2 0 0 0 0 0 0 0 0 0 0 
2 0 0 2 0 0 0 0 0 0 0 2 2 0 0 0 
0 0 0 0 0 2 0 0 0 0 0 0 0 0 0 0 
0 0 0 0 0 0 1 0 0 0 0 0 0 0 0 0 
2 0 0 2 0 0 0 0 2 0 0 0 2 0 0 0 
2 0 0 2 0 0 0 0 2 0 0 2 0 0 0 0 
0 0 2 0 0 0 0 0 0 0 0 0 0 0 0 0 
0 0 0 0 0 0 1 0 0 0 0 0 0 0 0 0 
0 0 2 0 0 0 0 0 0 0 0 0 0 0 0 0 

N=20
X: 
9 9 9 9 9 9 9 1 9 9 7 9 9 9 9 9 9 9 9 9 
E: 
0 0 0 2 0 2 0 0 0 2 0 0 0 0 0 0 0 2 2 0 
0 0 0 2 0 0 0 0 0 2 0 0 0 0 0 0 0 2 2 0 
0 0 0 0 2 0 0 0 2 0 0 0 0 0 0 0 0 0 0 2 
2 2 0 0 0 2 0 0 0 2 0 0 0 0 0 0 0 2 2 0 
0 0 2 0 0 0 0 0 0 0 0 2 0 2 0 0 0 0 0 0 
2 0 0 2 0 0 0 0 0 2 0 0 0 0 0 0 0 2 2 0 
0 0 0 0 0 0 0 0 0 0 2 0 0 0 2 0 0 0 0 0 
0 0 0 0 0 0 0 0 1 0 0 0 0 0 0 0 0 0 0 0 
0 0 2 0 0 0 0 1 0 0 0 0 0 0 2 0 0 0 0 0 
2 2 0 2 0 2 0 0 0 0 0 0 0 0 0 0 0 2 2 0 
0 0 0 0 0 0 2 0 0 0 0 0 0 0 0 0 0 0 0 0 
0 0 0 0 2 0 0 0 0 0 0 0 2 0 2 0 0 0 0 0 
0 0 0 0 0 0 0 0 0 0 0 2 0 0 0 0 2 0 0 0 
0 0 0 0 2 0 0 0 0 0 0 0 0 0 0 2 0 0 0 0 
0 0 0 0 0 0 2 0 2 0 0 2 0 0 0 0 0 0 0 0 
0 0 0 0 0 0 0 0 0 0 0 0 0 2 0 0 2 0 0 0 
0 0 0 0 0 0 0 0 0 0 0 0 2 0 0 2 0 0 0 2 
2 2 0 2 0 2 0 0 0 2 0 0 0 0 0 0 0 0 2 0 
2 2 0 2 0 2 0 0 0 2 0 0 0 0 0 0 0 2 0 0 
0 0 2 0 0 0 0 0 0 0 0 0 0 0 0 0 2 0 0 0 

N=20
X: 
8 9 9 9 9 9 6 9 9 9 9 7 9 6 9 9 9 9 9 9 
E: 
0 0 0 0 0 0 0 0 0 0 0 0 0 0 0 0 0 1 0 2 
0 0 0 0 0 0 0 0 0 0 0 0 0 0 0 2 2 0 0 0 
0 0 0 0 0 0 2 0 2 2 0 0 0 0 1 0 0 0 2 0 
0 0 0 0 0 0 0 0 0 0 1 1 2 0 0 0 0 0 0 0 
0 0 0 0 0 2 0 0 0 0 0 0 0 0 0 2 0 0 2 0 
0 0 0 0 2 0 0 0 0 0 0 0 0 0 1 0 0 0 0 0 
0 0 2 0 0 0 0 0 0 0 0 0 0 0 0 0 0 0 0 0 
0 0 0 0 0 0 0 0 0 0 0 0 0 2 0 0 0 2 0 0 
0 0 2 0 0 0 0 0 0 0 1 0 0 2 0 0 0 0 0 0 
0 0 2 0 0 0 0 0 0 0 0 0 0 0 0 0 0 2 0 0 
0 0 0 1 0 0 0 0 1 0 0 0 0 0 2 0 1 1 0 0 
0 0 0 1 0 0 0 0 0 0 0 0 0 0 0 0 0 1 0 0 
0 0 0 2 0 0 0 0 0 0 0 0 0 0 1 0 0 0 0 0 
0 0 0 0 0 0 0 2 2 0 0 0 0 0 0 0 0 0 0 0 
0 0 1 0 0 1 0 0 0 0 2 0 1 0 0 0 0 0 0 0 
0 2 0 0 2 0 0 0 0 0 0 0 0 0 0 0 0 0 0 0 
0 2 0 0 0 0 0 0 0 0 1 0 0 0 0 0 0 0 0 0 
1 0 0 0 0 0 0 2 0 2 1 1 0 0 0 0 0 0 0 0 
0 0 2 0 2 0 0 0 0 0 0 0 0 0 0 0 0 0 0 0 
2 0 0 0 0 0 0 0 0 0 0 0 0 0 0 0 0 0 0 0 

N=20
X: 
9 9 9 9 9 9 9 9 9 9 9 9 9 9 9 2 9 9 9 9 
E: 
0 0 0 0 0 0 2 2 0 0 2 0 0 0 0 0 0 0 0 0 
0 0 0 2 0 0 2 2 0 0 0 0 0 0 2 0 0 0 2 2 
0 0 0 2 0 0 0 0 2 0 0 0 0 0 0 0 0 0 2 0 
0 2 2 0 0 0 0 2 0 0 0 0 0 0 2 0 0 0 0 0 
0 0 0 0 0 2 0 0 0 0 0 0 2 0 0 0 0 2 0 0 
0 0 0 0 2 0 2 0 0 2 0 0 2 0 0 1 0 0 0 0 
2 2 0 0 0 2 0 0 2 0 2 0 0 0 0 0 0 0 0 0 
2 2 0 2 0 0 0 0 0 0 2 0 0 0 2 0 0 0 0 0 
0 0 2 0 0 0 2 0 0 0 0 0 0 0 0 0 0 0 0 2 
0 0 0 0 0 2 0 0 0 0 0 0 0 2 0 0 0 0 0 0 
2 0 0 0 0 0 2 2 0 0 0 1 0 1 0 0 0 0 2 0 
0 0 0 0 0 0 0 0 0 0 1 0 0 0 0 0 0 0 1 0 
0 0 0 0 2 2 0 0 0 0 0 0 0 0 0 0 0 1 0 0 
0 0 0 0 0 0 0 0 0 2 1 0 0 0 0 0 2 1 0 0 
0 2 0 2 0 0 0 2 0 0 0 0 0 0 0 0 0 0 0 0 
0 0 0 0 0 1 0 0 0 0 0 0 0 0 0 0 0 0 0 1 
0 0 0 0 0 0 0 0 0 0 0 0 0 2 0 0 0 0 1 0 
0 0 0 0 2 0 0 0 0 0 0 0 1 1 0 0 0 0 0 0 
0 2 2 0 0 0 0 0 0 0 2 1 0 0 0 0 1 0 0 0 
0 2 0 0 0 0 0 0 2 0 0 0 0 0 0 1 0 0 0 0 

N=20
X: 
4 9 9 1 1 1 2 9 9 9 9 9 9 9 9 1 9 9 9 9 
E: 
0 0 0 0 0 0 2 0 0 0 0 0 0 0 0 0 2 0 0 0 
0 0 0 0 0 0 0 2 0 0 0 0 0 0 2 0 0 2 0 0 
0 0 0 0 0 0 0 0 0 0 2 0 0 0 2 0 0 0 2 0 
0 0 0 0 0 0 0 0 0 0 0 0 0 0 0 0 2 0 0 0 
0 0 0 0 0 0 2 0 0 0 0 0 0 0 0 0 0 0 0 0 
0 0 0 0 0 0 0 0 0 0 0 0 0 0 0 0 2 0 0 0 
2 0 0 0 2 0 0 0 0 0 0 0 0 0 0 0 2 0 0 0 
0 2 0 0 0 0 0 0 0 0 0 0 2 0 0 0 0 0 2 0 
0 0 0 0 0 0 0 0 0 1 0 0 0 0 0 0 0 0 0 0 
0 0 0 0 0 0 0 0 1 0 0 0 0 0 0 0 0 2 0 0 
0 0 2 0 0 0 0 0 0 0 0 2 0 2 0 0 2 0 2 0 
0 0 0 0 0 0 0 0 0 0 2 0 2 0 0 0 0 0 2 0 
0 0 0 0 0 0 0 2 0 0 0 2 0 0 0 0 0 0 0 0 
0 0 0 0 0 0 0 0 0 0 2 0 0 0 2 0 0 0 2 0 
0 2 2 0 0 0 0 0 0 0 0 0 0 2 0 0 0 0 2 2 
0 0 0 0 0 0 0 0 0 0 0 0 0 0 0 0 2 0 0 0 
2 0 0 2 0 2 2 0 0 0 2 0 0 0 0 2 0 0 2 0 
0 2 0 0 0 0 0 0 0 2 0 0 0 0 0 0 0 0 0 2 
0 0 2 0 0 0 0 2 0 0 2 2 0 2 2 0 2 0 0 0 
0 0 0 0 0 0 0 0 0 0 0 0 0 0 2 0 0 2 0 0 

N=20
X: 
9 9 8 9 9 9 9 9 9 9 2 4 9 9 9 9 9 5 9 1 
E: 
0 0 2 0 0 0 0 0 0 2 1 0 0 0 0 0 0 0 0 0 
0 0 0 0 0 0 0 1 1 0 0 0 0 0 0 2 0 0 0 0 
2 0 0 0 0 0 1 0 0 2 0 0 0 0 0 0 0 0 0 0 
0 0 0 0 0 2 0 2 0 0 0 0 0 0 2 0 0 0 0 0 
0 0 0 0 0 0 0 0 0 2 0 2 0 0 0 0 0 2 0 0 
0 0 0 2 0 0 0 0 0 0 0 0 2 0 0 0 0 0 2 0 
0 0 1 0 0 0 0 0 0 0 0 0 0 0 0 0 0 0 2 0 
0 1 0 2 0 0 0 0 1 0 0 2 2 0 0 0 0 0 0 0 
0 1 0 0 0 0 0 1 0 0 0 0 0 0 0 0 0 0 2 0 
2 0 2 0 2 0 0 0 0 0 2 0 0 0 0 0 0 0 0 0 
1 0 0 0 0 0 0 0 0 2 0 0 0 0 0 0 0 0 0 0 
0 0 0 0 2 0 0 2 0 0 0 0 0 0 0 0 0 0 0 0 
0 0 0 0 0 2 0 2 0 0 0 0 0 0 2 2 0 0 0 0 
0 0 0 0 0 0 0 0 0 0 0 0 0 0 0 0 2 0 0 0 
0 0 0 2 0 0 0 0 0 0 0 0 2 0 0 0 0 0 0 0 
0 2 0 0 0 0 0 0 0 0 0 0 2 0 0 0 0 0 0 0 
0 0 0 0 0 0 0 0 0 0 0 0 0 2 0 0 0 2 0 0 
0 0 0 0 2 0 0 0 0 0 0 0 0 0 0 0 2 0 0 0 
0 0 0 0 0 2 2 0 2 0 0 0 0 0 0 0 0 0 0 0 
0 0 0 0 0 0 0 0 0 0 0 0 0 0 0 0 0 0 0 0 

N=20
X: 
9 9 9 9 9 9 9 9 9 9 9 9 9 9 9 9 9 9 9 9 
E: 
0 0 2 0 0 0 0 1 0 0 0 2 0 0 0 0 1 0 0 2 
0 0 0 0 2 0 0 0 2 0 0 0 0 2 0 0 0 0 0 0 
2 0 0 0 0 2 2 0 0 0 2 0 0 0 0 2 0 0 0 2 
0 0 0 0 0 0 0 0 2 0 0 0 0 1 0 2 0 0 0 0 
0 2 0 0 0 0 0 0 0 0 0 0 0 0 0 1 0 0 0 0 
0 0 2 0 0 0 0 0 0 0 0 0 0 0 0 0 0 0 2 0 
0 0 2 0 0 0 0 0 0 2 0 0 2 2 2 0 0 0 0 2 
1 0 0 0 0 0 0 0 0 2 0 2 2 0 2 0 0 0 0 0 
0 2 0 2 0 0 0 0 0 2 0 0 0 0 0 0 0 2 0 0 
0 0 0 0 0 0 2 2 2 0 0 0 0 1 0 0 2 2 2 2 
0 0 2 0 0 0 0 0 0 0 0 2 1 0 0 0 2 2 0 1 
2 0 0 0 0 0 0 2 0 0 2 0 0 0 0 2 0 0 0 0 
0 0 0 0 0 0 2 2 0 0 1 0 0 0 0 0 2 0 0 1 
0 2 0 1 0 0 2 0 0 1 0 0 0 0 0 0 0 0 0 0 
0 0 0 0 0 0 2 2 0 0 0 0 0 0 0 0 0 2 0 0 
0 0 2 2 1 0 0 0 0 0 0 2 0 0 0 0 0 2 2 2 
1 0 0 0 0 0 0 0 0 2 2 0 2 0 0 0 0 0 2 2 
0 0 0 0 0 0 0 0 2 2 2 0 0 0 2 2 0 0 0 0 
0 0 0 0 0 2 0 0 0 2 0 0 0 0 0 2 2 0 0 2 
2 0 2 0 0 0 2 0 0 2 1 0 1 0 0 2 2 0 2 0 

N=20
X: 
9 9 9 9 1 9 1 9 9 9 9 9 9 9 9 9 9 9 9 4 
E: 
0 0 0 0 0 0 1 0 0 0 0 0 0 1 0 0 0 0 1 0 
0 0 0 2 0 0 0 0 0 0 0 0 2 0 0 0 0 0 0 0 
0 0 0 2 0 0 0 0 2 1 0 0 0 0 0 0 0 0 0 0 
0 2 2 0 0 0 0 0 2 0 0 0 2 0 0 0 0 0 0 0 
0 0 0 0 0 0 0 0 0 0 0 0 0 0 0 0 0 0 0 2 
0 0 0 0 0 0 0 2 0 0 2 2 0 0 0 0 2 2 0 0 
1 0 0 0 0 0 0 0 0 0 0 0 0 0 0 0 0 0 0 0 
0 0 0 0 0 2 0 0 0 0 2 2 0 0 0 0 2 2 0 2 
0 0 2 2 0 0 0 0 0 0 0 0 0 0 2 0 0 0 0 0 
0 0 1 0 0 0 0 0 0 0 0 0 0 0 1 0 0 0 0 0 
0 0 0 0 0 2 0 2 0 0 0 2 0 0 0 0 2 2 0 0 
0 0 0 0 0 2 0 2 0 0 2 0 0 0 0 0 2 2 0 2 
0 2 0 2 0 0 0 0 0 0 0 0 0 2 0 0 0 0 0 0 
1 0 0 0 0 0 0 0 0 0 0 0 2 0 0 2 0 0 0 0 
0 0 0 0 0 0 0 0 2 1 0 0 0 0 0 0 0 0 2 0 
0 0 0 0 0 0 0 0 0 0 0 0 0 2 0 0 2 0 0 0 
0 0 0 0 0 2 0 2 0 0 2 2 0 0 0 2 0 2 0 0 
0 0 0 0 0 2 0 2 0 0 2 2 0 0 0 0 2 0 0 0 
1 0 0 0 0 0 0 0 0 0 0 0 0 0 2 0 0 0 0 0 
0 0 0 0 2 0 0 2 0 0 0 2 0 0 0 0 0 0 0 0 

N=20
X: 
9 8 9 9 6 9 9 9 9 9 9 9 9 9 2 9 9 9 9 9 
E: 
0 0 0 0 0 0 0 0 0 0 0 0 0 0 0 0 0 2 2 0 
0 0 1 0 0 0 0 0 0 2 0 0 2 0 0 0 0 0 0 0 
0 1 0 1 0 0 1 0 0 1 1 1 1 0 0 0 1 0 0 0 
0 0 1 0 0 2 0 2 0 0 1 0 0 2 0 0 0 0 1 0 
0 0 0 0 0 0 0 0 2 0 0 0 2 0 0 0 0 0 0 0 
0 0 0 2 0 0 0 0 2 0 0 0 0 0 0 0 0 2 0 0 
0 0 1 0 0 0 0 0 0 0 2 0 2 0 0 0 2 0 0 0 
0 0 0 2 0 0 0 0 0 0 0 0 0 0 0 2 0 0 2 0 
0 0 0 0 2 2 0 0 0 0 0 0 0 0 0 0 0 0 0 0 
0 2 1 0 0 0 0 0 0 0 0 2 0 0 2 0 0 0 0 0 
0 0 1 1 0 0 2 0 0 0 0 2 0 0 0 0 0 0 0 0 
0 0 1 0 0 0 0 0 0 2 2 0 1 0 0 0 0 0 0 0 
0 2 1 0 2 0 2 0 0 0 0 1 0 0 0 0 0 0 0 0 
0 0 0 2 0 0 0 0 0 0 0 0 0 0 0 0 0 0 0 0 
0 0 0 0 0 0 0 0 0 2 0 0 0 0 0 0 0 0 0 0 
0 0 0 0 0 0 0 2 0 0 0 0 0 0 0 0 0 0 2 0 
0 0 1 0 0 0 2 0 0 0 0 0 0 0 0 0 0 0 0 2 
2 0 0 0 0 2 0 0 0 0 0 0 0 0 0 0 0 0 2 0 
2 0 0 1 0 0 0 2 0 0 0 0 0 0 0 2 0 2 0 2 
0 0 0 0 0 0 0 0 0 0 0 0 0 0 0 0 2 0 2 0 

N=20
X: 
9 9 9 9 9 9 9 9 9 9 9 9 9 9 4 9 9 9 9 9 
E: 
0 2 0 0 2 2 0 2 2 2 0 2 2 2 0 0 0 1 2 2 
2 0 0 0 2 0 0 2 2 2 0 2 0 1 0 0 0 0 2 2 
0 0 0 0 0 0 0 0 0 0 0 0 0 0 1 0 1 0 0 0 
0 0 0 0 0 0 0 0 0 0 0 0 0 0 0 2 2 0 0 0 
2 2 0 0 0 0 0 2 2 2 0 2 0 2 0 0 0 2 2 0 
2 0 0 0 0 0 0 0 0 0 0 2 0 0 0 0 0 0 0 0 
0 0 0 0 0 0 0 0 0 0 0 0 2 0 0 2 0 0 0 2 
2 2 0 0 2 0 0 0 2 2 2 2 2 2 0 0 0 2 2 0 
2 2 0 0 2 0 0 2 0 2 0 2 2 2 0 0 0 2 2 0 
2 2 0 0 2 0 0 2 2 0 0 2 2 2 0 0 0 0 2 0 
0 0 0 0 0 0 0 2 0 0 0 0 2 2 0 0 0 0 0 0 
2 2 0 0 2 2 0 2 2 2 0 0 0 2 0 0 0 0 2 0 
2 0 0 0 0 0 2 2 2 2 2 0 0 2 0 0 0 0 2 2 
2 1 0 0 2 0 0 2 2 2 2 2 2 0 0 0 0 2 2 0 
0 0 1 0 0 0 0 0 0 0 0 0 0 0 0 0 0 0 0 0 
0 0 0 2 0 0 2 0 0 0 0 0 0 0 0 0 0 2 0 0 
0 0 1 2 0 0 0 0 0 0 0 0 0 0 0 0 0 0 0 2 
1 0 0 0 2 0 0 2 2 0 0 0 0 2 0 2 0 0 0 0 
2 2 0 0 2 0 0 2 2 2 0 2 2 2 0 0 0 0 0 1 
2 2 0 0 0 0 2 0 0 0 0 0 2 0 0 0 2 0 1 0 

N=20
X: 
9 9 9 9 9 4 9 9 3 9 9 9 9 9 9 9 9 9 9 9 
E: 
0 2 0 2 0 0 0 0 0 0 0 0 0 0 0 0 0 0 0 0 
2 0 0 0 0 0 0 0 0 0 0 0 0 0 0 0 2 0 0 0 
0 0 0 0 0 0 0 0 0 0 2 0 0 0 2 2 0 0 0 0 
2 0 0 0 0 0 0 0 0 0 2 0 0 0 0 0 0 0 0 0 
0 0 0 0 0 0 2 2 2 0 0 0 2 0 0 0 0 0 0 0 
0 0 0 0 0 0 0 0 0 0 0 2 0 2 0 0 0 0 0 0 
0 0 0 0 2 0 0 0 2 0 0 0 0 0 0 0 2 0 0 0 
0 0 0 0 2 0 0 0 0 0 0 0 0 2 0 0 2 0 0 0 
0 0 0 0 2 0 2 0 0 0 0 0 0 0 0 0 0 0 0 0 
0 0 0 0 0 0 0 0 0 0 0 0 0 0 0 0 0 2 0 2 
0 0 2 2 0 0 0 0 0 0 0 0 0 0 0 1 0 0 2 0 
0 0 0 0 0 2 0 0 0 0 0 0 0 0 0 0 0 0 0 0 
0 0 0 0 2 0 0 0 0 0 0 0 0 0 0 0 0 0 2 0 
0 0 0 0 0 2 0 2 0 0 0 0 0 0 0 0 0 0 0 0 
0 0 2 0 0 0 0 0 0 0 0 0 0 0 0 2 2 0 0 0 
0 0 2 0 0 0 0 0 0 0 1 0 0 0 2 0 1 0 0 0 
0 2 0 0 0 0 2 2 0 0 0 0 0 0 2 1 0 0 0 0 
0 0 0 0 0 0 0 0 0 2 0 0 0 0 0 0 0 0 0 2 
0 0 0 0 0 0 0 0 0 0 2 0 2 0 0 0 0 0 0 0 
0 0 0 0 0 0 0 0 0 2 0 0 0 0 0 0 0 2 0 0 

N=20
X: 
9 9 9 9 9 9 9 9 2 9 7 9 1 9 9 6 2 9 9 9 
E: 
0 1 0 0 0 0 1 0 0 0 0 0 0 0 0 0 0 0 0 0 
1 0 0 2 0 0 0 0 0 0 0 0 0 0 2 0 0 2 0 0 
0 0 0 2 0 0 0 2 0 0 0 0 0 0 2 0 0 0 0 2 
0 2 2 0 0 0 0 2 0 0 0 2 0 2 2 0 0 0 0 2 
0 0 0 0 0 0 2 0 0 0 0 0 0 2 0 0 0 0 0 0 
0 0 0 0 0 0 2 0 0 2 0 0 0 0 2 0 0 0 2 0 
1 0 0 0 2 2 0 0 0 0 2 0 2 0 0 2 0 0 0 0 
0 0 2 2 0 0 0 0 0 0 0 0 0 0 0 0 0 2 0 2 
0 0 0 0 0 0 0 0 0 0 0 0 0 0 2 0 0 0 0 0 
0 0 0 0 0 2 0 0 0 0 0 0 0 2 0 0 0 0 2 0 
0 0 0 0 0 0 2 0 0 0 0 0 0 0 0 2 0 0 0 0 
0 0 0 2 0 0 0 0 0 0 0 0 0 0 0 0 0 0 2 0 
0 0 0 0 0 0 2 0 0 0 0 0 0 0 0 0 0 0 0 0 
0 0 0 2 2 0 0 0 0 2 0 0 0 0 2 0 0 0 0 0 
0 2 2 2 0 2 0 0 2 0 0 0 0 2 0 0 0 2 0 0 
0 0 0 0 0 0 2 0 0 0 2 0 0 0 0 0 0 0 0 0 
0 0 0 0 0 0 0 0 0 0 0 0 0 0 0 0 0 0 2 0 
0 2 0 0 0 0 0 2 0 0 0 0 0 0 2 0 0 0 0 0 
0 0 0 0 0 2 0 0 0 2 0 2 0 0 0 0 2 0 0 0 
0 0 2 2 0 0 0 2 0 0 0 0 0 0 0 0 0 0 0 0 

N=20
X: 
9 9 7 9 9 3 9 9 9 9 9 9 9 9 9 2 9 9 9 9 
E: 
0 0 0 0 2 1 0 0 0 0 0 0 0 0 0 0 0 0 0 2 
0 0 0 0 0 0 0 0 0 2 0 0 0 0 0 0 0 2 0 0 
0 0 0 2 0 0 0 0 0 0 0 0 0 0 2 2 0 0 0 0 
0 0 2 0 0 0 0 0 0 0 0 0 2 0 2 0 0 0 0 0 
2 0 0 0 0 0 0 0 0 2 0 2 0 2 0 0 0 0 0 0 
1 0 0 0 0 0 0 0 0 0 0 0 0 0 0 2 0 0 0 0 
0 0 0 0 0 0 0 2 2 0 2 0 0 0 0 0 2 0 2 0 
0 0 0 0 0 0 2 0 0 0 0 2 0 2 0 0 0 0 2 0 
0 0 0 0 0 0 2 0 0 2 2 2 0 0 0 0 2 2 2 2 
0 2 0 0 2 0 0 0 2 0 2 2 0 0 0 0 0 0 0 2 
0 0 0 0 0 0 2 0 2 2 0 2 0 0 0 0 0 0 2 0 
0 0 0 0 2 0 0 2 2 2 2 0 2 2 0 0 2 0 2 2 
0 0 0 2 0 0 0 0 0 0 0 2 0 2 2 0 0 0 0 0 
0 0 0 0 2 0 0 2 0 0 0 2 2 0 0 0 0 0 0 0 
0 0 2 2 0 0 0 0 0 0 0 0 2 0 0 0 0 0 0 0 
0 0 2 0 0 2 0 0 0 0 0 0 0 0 0 0 0 0 0 0 
0 0 0 0 0 0 2 0 2 0 0 2 0 0 0 0 0 0 0 0 
0 2 0 0 0 0 0 0 2 0 0 0 0 0 0 0 0 0 0 0 
0 0 0 0 0 0 2 2 2 0 2 2 0 0 0 0 0 0 0 0 
2 0 0 0 0 0 0 0 2 2 0 2 0 0 0 0 0 0 0 0 

N=20
X: 
9 9 9 9 9 9 9 9 8 2 9 9 9 9 9 9 9 9 9 9 
E: 
0 0 2 0 2 0 0 2 0 2 2 2 0 1 2 1 2 0 1 0 
0 0 0 2 1 0 0 2 0 0 0 0 0 0 0 0 0 2 0 2 
2 0 0 0 2 0 0 0 2 0 0 0 0 2 0 0 0 0 0 2 
0 2 0 0 1 2 0 0 0 0 1 0 0 0 0 0 0 0 0 0 
2 1 2 1 0 0 1 2 0 0 2 1 2 1 0 2 0 0 1 0 
0 0 0 2 0 0 0 0 0 0 0 0 1 0 0 0 0 0 0 0 
0 0 0 0 1 0 0 0 0 0 1 0 0 0 0 1 0 0 0 0 
2 2 0 0 2 0 0 0 0 0 2 2 0 0 0 2 2 0 0 2 
0 0 2 0 0 0 0 0 0 0 0 0 0 0 0 0 0 0 0 0 
2 0 0 0 0 0 0 0 0 0 0 0 0 0 0 0 0 0 0 0 
2 0 0 1 2 0 1 2 0 0 0 1 0 1 0 1 0 2 1 0 
2 0 0 0 1 0 0 2 0 0 1 0 0 1 2 2 0 0 0 0 
0 0 0 0 2 1 0 0 0 0 0 0 0 0 0 0 2 2 0 0 
1 0 2 0 1 0 0 0 0 0 1 1 0 0 2 1 0 0 0 0 
2 0 0 0 0 0 0 0 0 0 0 2 0 2 0 0 0 0 0 0 
1 0 0 0 2 0 1 2 0 0 1 2 0 1 0 0 0 0 0 0 
2 0 0 0 0 0 0 2 0 0 0 0 2 0 0 0 0 0 0 2 
0 2 0 0 0 0 0 0 0 0 2 0 2 0 0 0 0 0 0 0 
1 0 0 0 1 0 0 0 0 0 1 0 0 0 0 0 0 0 0 0 
0 2 2 0 0 0 0 2 0 0 0 0 0 0 0 0 2 0 0 0 

N=20
X: 
1 1 9 9 9 9 9 9 9 9 9 9 9 3 9 9 9 9 9 9 
E: 
0 0 0 0 0 0 0 0 0 0 0 0 0 0 2 0 0 0 0 0 
0 0 0 0 0 0 0 0 0 0 0 0 0 2 0 0 0 0 0 0 
0 0 0 0 0 0 0 0 0 2 0 0 0 0 0 0 0 0 0 0 
0 0 0 0 1 2 0 0 0 0 0 0 0 0 0 2 0 0 0 0 
0 0 0 1 0 0 0 0 0 0 1 0 0 0 0 0 0 0 0 0 
0 0 0 2 0 0 0 0 0 0 0 0 0 0 0 0 0 0 0 2 
0 0 0 0 0 0 0 0 0 2 0 0 0 0 0 0 2 0 2 0 
0 0 0 0 0 0 0 0 1 1 1 0 0 0 0 0 0 0 0 0 
0 0 0 0 0 0 0 1 0 0 0 0 0 0 0 0 0 2 0 0 
0 0 2 0 0 0 2 1 0 0 0 0 0 0 0 0 0 0 0 0 
0 0 0 0 1 0 0 1 0 0 0 0 0 0 0 0 0 0 0 0 
0 0 0 0 0 0 0 0 0 0 0 0 0 0 2 0 0 0 0 2 
0 0 0 0 0 0 0 0 0 0 0 0 0 0 0 2 0 0 2 0 
0 2 0 0 0 0 0 0 0 0 0 0 0 0 2 0 0 0 0 0 
2 0 0 0 0 0 0 0 0 0 0 2 0 2 0 0 0 0 0 0 
0 0 0 2 0 0 0 0 0 0 0 0 2 0 0 0 0 0 0 0 
0 0 0 0 0 0 2 0 0 0 0 0 0 0 0 0 0 2 0 0 
0 0 0 0 0 0 0 0 2 0 0 0 0 0 0 0 2 0 0 0 
0 0 0 0 0 0 2 0 0 0 0 0 2 0 0 0 0 0 0 0 
0 0 0 0 0 2 0 0 0 0 0 2 0 0 0 0 0 0 0 0 

N=20
X: 
9 9 9 9 9 8 1 9 9 1 9 9 9 9 2 9 9 9 9 9 
E: 
0 0 2 0 2 0 0 0 0 0 0 0 0 0 0 0 0 0 0 0 
0 0 2 0 0 0 0 0 0 0 0 2 2 0 0 0 2 0 0 0 
2 2 0 0 2 0 0 0 0 0 0 2 0 0 0 0 0 0 0 2 
0 0 0 0 2 0 0 0 0 0 0 0 2 2 0 0 2 0 2 0 
2 0 2 2 0 0 0 0 0 0 0 0 0 0 0 0 0 0 0 0 
0 0 0 0 0 0 0 0 0 0 1 0 0 1 0 0 0 0 0 0 
0 0 0 0 0 0 0 0 0 0 0 0 0 0 0 0 0 2 0 0 
0 0 0 0 0 0 0 0 0 0 0 0 0 0 0 2 0 0 2 0 
0 0 0 0 0 0 0 0 0 0 0 0 2 0 0 2 0 0 0 0 
0 0 0 0 0 0 0 0 0 0 0 0 0 0 0 0 0 2 0 0 
0 0 0 0 0 1 0 0 0 0 0 0 1 0 0 0 0 0 0 0 
0 2 2 0 0 0 0 0 0 0 0 0 0 0 0 0 0 0 0 2 
0 2 0 2 0 0 0 0 2 0 1 0 0 0 0 0 0 0 0 0 
0 0 0 2 0 1 0 0 0 0 0 0 0 0 0 0 0 2 0 0 
0 0 0 0 0 0 0 0 0 0 0 0 0 0 0 1 0 0 0 0 
0 0 0 0 0 0 0 2 2 0 0 0 0 0 1 0 0 0 0 0 
0 2 0 2 0 0 0 0 0 0 0 0 0 0 0 0 0 0 0 0 
0 0 0 0 0 0 2 0 0 2 0 0 0 2 0 0 0 0 1 0 
0 0 0 2 0 0 0 2 0 0 0 0 0 0 0 0 0 1 0 0 
0 0 2 0 0 0 0 0 0 0 0 2 0 0 0 0 0 0 0 0 

N=20
X: 
9 9 9 9 9 9 9 9 9 9 3 9 9 9 9 9 9 9 9 9 
E: 
0 1 0 0 1 1 1 0 0 0 0 1 0 1 0 0 0 0 0 0 
1 0 1 0 2 2 2 0 0 2 0 2 0 2 0 2 0 2 2 0 
0 1 0 0 0 0 1 1 0 0 0 1 0 1 0 1 1 0 1 0 
0 0 0 0 2 0 0 0 0 0 0 0 0 2 0 2 0 0 2 0 
1 2 0 2 0 2 2 0 2 0 0 0 0 2 0 0 0 2 2 2 
1 2 0 0 2 0 0 0 0 0 0 2 0 0 0 0 0 0 0 0 
1 2 1 0 2 0 0 1 0 2 0 0 0 2 2 2 0 0 2 0 
0 0 1 0 0 0 1 0 0 0 0 1 2 1 0 0 0 0 1 0 
0 0 0 0 2 0 0 0 0 0 0 2 2 0 0 0 0 0 0 2 
0 2 0 0 0 0 2 0 0 0 0 0 0 2 0 0 0 0 2 0 
0 0 0 0 0 0 0 0 0 0 0 0 0 0 2 0 0 0 0 0 
1 2 1 0 0 2 0 1 2 0 0 0 2 2 0 2 2 2 2 2 
0 0 0 0 0 0 0 2 2 0 0 2 0 0 0 0 0 0 0 0 
1 2 1 2 2 0 2 1 0 2 0 2 0 0 0 1 0 0 2 0 
0 0 0 0 0 0 2 0 0 0 2 0 0 0 0 0 0 0 0 0 
0 2 1 2 0 0 2 0 0 0 0 2 0 1 0 0 0 0 0 0 
0 0 1 0 0 0 0 0 0 0 0 2 0 0 0 0 0 0 2 0 
0 2 0 0 2 0 0 0 0 0 0 2 0 0 0 0 0 0 0 2 
0 2 1 2 2 0 2 1 0 2 0 2 0 2 0 0 2 0 0 0 
0 0 0 0 2 0 0 0 2 0 0 2 0 0 0 0 0 2 0 0 

N=20
X: 
9 6 9 9 9 9 6 9 9 9 9 9 9 9 9 9 7 9 9 1 
E: 
0 0 0 0 2 0 0 0 0 0 2 2 0 2 0 0 0 2 2 0 
0 0 2 0 0 2 0 0 0 0 0 0 0 0 0 0 0 0 0 0 
0 2 0 0 0 2 0 2 0 1 1 2 0 0 0 0 0 0 0 0 
0 0 0 0 0 0 0 1 0 0 1 2 0 2 0 2 0 2 2 0 
2 0 0 0 0 0 0 0 0 0 1 0 0 0 0 0 1 0 0 0 
0 2 2 0 0 0 1 2 0 0 1 2 0 0 0 0 1 0 0 0 
0 0 0 0 0 1 0 0 1 0 0 0 0 0 0 0 0 0 0 0 
0 0 2 1 0 2 0 0 1 0 2 0 0 0 0 0 0 0 0 0 
0 0 0 0 0 0 1 1 0 0 0 0 0 0 0 0 0 0 0 0 
0 0 1 0 0 0 0 0 0 0 0 0 1 0 0 0 0 0 0 0 
2 0 1 1 1 1 0 2 0 0 0 1 0 1 1 1 0 0 1 0 
2 0 2 2 0 2 0 0 0 0 1 0 0 0 1 0 0 2 2 0 
0 0 0 0 0 0 0 0 0 1 0 0 0 1 0 0 0 0 0 0 
2 0 0 2 0 0 0 0 0 0 1 0 1 0 0 0 0 2 2 0 
0 0 0 0 0 0 0 0 0 0 1 1 0 0 0 0 0 0 0 0 
0 0 0 2 0 0 0 0 0 0 1 0 0 0 0 0 0 0 0 0 
0 0 0 0 1 1 0 0 0 0 0 0 0 0 0 0 0 0 0 0 
2 0 0 2 0 0 0 0 0 0 0 2 0 2 0 0 0 0 2 0 
2 0 0 2 0 0 0 0 0 0 1 2 0 2 0 0 0 2 0 2 
0 0 0 0 0 0 0 0 0 0 0 0 0 0 0 0 0 0 2 0 

N=20
X: 
9 9 9 9 9 9 1 9 9 9 4 9 9 9 9 9 2 3 9 1 
E: 
0 0 0 0 0 0 0 0 0 0 0 0 0 0 0 0 0 0 2 0 
0 0 2 0 0 0 0 0 0 0 0 0 0 0 0 2 0 2 0 0 
0 2 0 0 0 0 2 2 2 0 0 2 2 0 2 2 2 2 0 0 
0 0 0 0 0 0 0 0 0 2 1 0 2 0 0 0 0 0 2 0 
0 0 0 0 0 0 0 0 0 0 1 0 0 0 2 0 0 0 0 0 
0 0 0 0 0 0 0 0 0 2 0 0 0 1 0 0 0 0 0 1 
0 0 2 0 0 0 0 0 0 0 0 0 0 0 0 0 0 0 0 0 
0 0 2 0 0 0 0 0 2 0 0 0 0 0 0 0 0 0 0 0 
0 0 2 0 0 0 0 2 0 0 0 2 0 0 0 2 0 0 2 0 
0 0 0 2 0 2 0 0 0 0 0 0 0 0 0 0 0 0 2 0 
0 0 0 1 1 0 0 0 0 0 0 0 0 0 0 0 0 0 0 0 
0 0 2 0 0 0 0 0 2 0 0 0 0 2 2 0 0 0 2 0 
0 0 2 2 0 0 0 0 0 0 0 0 0 0 0 0 0 0 2 0 
0 0 0 0 0 1 0 0 0 0 0 2 0 0 0 0 0 0 0 0 
0 0 2 0 2 0 0 0 0 0 0 2 0 0 0 0 0 0 0 0 
0 2 2 0 0 0 0 0 2 0 0 0 0 0 0 0 0 0 2 0 
0 0 2 0 0 0 0 0 0 0 0 0 0 0 0 0 0 0 0 0 
0 2 2 0 0 0 0 0 0 0 0 0 0 0 0 0 0 0 0 0 
2 0 0 2 0 0 0 0 2 2 0 2 2 0 0 2 0 0 0 0 
0 0 0 0 0 1 0 0 0 0 0 0 0 0 0 0 0 0 0 0 

N=20
X: 
9 2 9 9 9 9 9 9 9 9 9 9 9 9 9 9 9 9 9 9 
E: 
0 0 0 0 0 0 0 0 2 0 0 0 0 0 1 2 0 2 0 0 
0 0 0 0 0 0 0 0 0 0 0 0 0 0 1 0 0 0 0 0 
0 0 0 2 2 2 2 2 0 2 2 2 2 2 1 0 0 2 2 2 
0 0 2 0 2 2 2 2 2 2 0 2 2 2 0 0 1 2 2 2 
0 0 2 2 0 2 2 2 0 2 2 2 2 2 1 0 1 2 2 2 
0 0 2 2 2 0 2 2 0 2 2 2 2 2 1 0 1 2 2 2 
0 0 2 2 2 2 0 2 0 2 2 2 2 2 0 0 0 2 2 2 
0 0 2 2 2 2 2 0 2 2 2 2 2 2 0 0 1 2 2 2 
2 0 0 2 0 0 0 2 0 0 0 0 2 0 0 0 1 2 0 2 
0 0 2 2 2 2 2 2 0 0 0 2 2 2 0 0 0 2 2 2 
0 0 2 0 2 2 2 2 0 0 0 2 2 2 0 0 0 2 2 2 
0 0 2 2 2 2 2 2 0 2 2 0 2 2 1 0 1 2 2 2 
0 0 2 2 2 2 2 2 2 2 2 2 0 2 1 0 0 2 2 2 
0 0 2 2 2 2 2 2 0 2 2 2 2 0 0 0 1 2 2 2 
1 1 1 0 1 1 0 0 0 0 0 1 1 0 0 0 0 0 0 0 
2 0 0 0 0 0 0 0 0 0 0 0 0 0 0 0 1 0 0 0 
0 0 0 1 1 1 0 1 1 0 0 1 0 1 0 1 0 0 1 0 
2 0 2 2 2 2 2 2 2 2 2 2 2 2 0 0 0 0 2 2 
0 0 2 2 2 2 2 2 0 2 2 2 2 2 0 0 1 2 0 2 
0 0 2 2 2 2 2 2 2 2 2 2 2 2 0 0 0 2 2 0 

N=20
X: 
9 9 9 9 9 9 9 1 9 9 9 8 2 9 9 9 9 9 1 9 
E: 
0 1 0 0 0 0 0 0 0 0 0 1 0 0 0 0 1 0 0 0 
1 0 0 0 0 0 0 0 0 0 0 2 0 0 0 0 0 0 2 1 
0 0 0 0 0 0 0 0 0 0 0 0 0 0 0 2 0 2 0 0 
0 0 0 0 0 0 2 0 0 0 0 0 0 0 0 0 2 0 0 0 
0 0 0 0 0 2 0 0 0 0 0 0 0 0 0 0 0 0 0 2 
0 0 0 0 2 0 0 0 0 0 0 0 0 2 0 0 0 0 0 0 
0 0 0 2 0 0 0 0 0 2 0 0 0 0 0 0 0 0 0 0 
0 0 0 0 0 0 0 0 0 0 0 0 1 0 0 0 0 0 0 0 
0 0 0 0 0 0 0 0 0 0 0 0 0 0 0 2 0 0 0 2 
0 0 0 0 0 0 2 0 0 0 0 0 0 0 2 2 0 2 0 0 
0 0 0 0 0 0 0 0 0 0 0 0 0 0 2 0 0 2 0 0 
1 2 0 0 0 0 0 0 0 0 0 0 0 1 0 0 0 0 0 0 
0 0 0 0 0 0 0 1 0 0 0 0 0 0 0 0 2 0 0 0 
0 0 0 0 0 2 0 0 0 0 0 1 0 0 0 0 0 0 0 0 
0 0 0 0 0 0 0 0 0 2 2 0 0 0 0 0 0 0 0 0 
0 0 2 0 0 0 0 0 2 2 0 0 0 0 0 0 0 0 0 0 
1 0 0 2 0 0 0 0 0 0 0 0 2 0 0 0 0 0 0 0 
0 0 2 0 0 0 0 0 0 2 2 0 0 0 0 0 0 0 0 0 
0 2 0 0 0 0 0 0 0 0 0 0 0 0 0 0 0 0 0 0 
0 1 0 0 2 0 0 0 2 0 0 0 0 0 0 0 0 0 0 0 

N=20
X: 
9 9 9 9 9 9 9 4 9 9 9 9 9 9 9 5 9 4 9 8 
E: 
0 0 0 0 2 0 0 2 0 0 0 2 0 0 0 0 0 0 0 0 
0 0 0 0 0 2 0 0 2 0 2 0 0 0 0 0 0 0 2 0 
0 0 0 0 2 0 0 0 0 0 0 0 2 2 0 0 0 0 0 0 
0 0 0 0 1 0 0 0 0 0 0 0 0 0 0 0 2 2 0 0 
2 0 2 1 0 0 0 0 0 0 0 2 2 0 0 0 0 0 0 0 
0 2 0 0 0 0 0 0 2 2 0 0 0 0 0 0 0 0 0 0 
0 0 0 0 0 0 0 0 0 0 0 2 0 2 0 0 0 0 0 1 
2 0 0 0 0 0 0 0 0 0 0 0 0 0 0 0 0 0 0 0 
0 2 0 0 0 2 0 0 0 2 2 0 0 0 2 0 0 0 0 2 
0 0 0 0 0 2 0 0 2 0 0 0 0 0 0 0 0 0 0 2 
0 2 0 0 0 0 0 0 2 0 0 0 0 0 2 2 0 0 0 0 
2 0 0 0 2 0 2 0 0 0 0 0 2 0 0 0 2 0 0 0 
0 0 2 0 2 0 0 0 0 0 0 2 0 2 0 0 0 0 0 0 
0 0 2 0 0 0 2 0 0 0 0 0 2 0 0 0 0 0 0 0 
0 0 0 0 0 0 0 0 2 0 2 0 0 0 0 0 0 0 0 0 
0 0 0 0 0 0 0 0 0 0 2 0 0 0 0 0 0 0 0 0 
0 0 0 2 0 0 0 0 0 0 0 2 0 0 0 0 0 0 0 0 
0 0 0 2 0 0 0 0 0 0 0 0 0 0 0 0 0 0 0 0 
0 2 0 0 0 0 0 0 0 0 0 0 0 0 0 0 0 0 0 0 
0 0 0 0 0 0 1 0 2 2 0 0 0 0 0 0 0 0 0 0 

N=20
X: 
9 9 9 9 9 9 9 2 9 9 9 9 9 9 9 9 8 9 5 9 
E: 
0 0 0 0 0 0 2 0 0 0 0 0 2 0 0 0 0 0 0 0 
0 0 0 0 2 0 0 0 0 2 0 0 0 0 1 0 0 2 0 0 
0 0 0 2 0 0 0 0 0 0 0 2 2 0 0 0 0 0 0 0 
0 0 2 0 0 0 0 0 0 0 0 0 2 0 2 0 0 0 0 0 
0 2 0 0 0 0 0 0 0 0 2 0 0 2 1 0 0 0 0 0 
0 0 0 0 0 0 0 0 1 0 0 0 0 0 0 0 1 0 0 1 
2 0 0 0 0 0 0 2 0 2 0 0 0 0 0 0 0 0 0 0 
0 0 0 0 0 0 2 0 0 0 0 0 0 0 0 0 0 0 0 0 
0 0 0 0 0 1 0 0 0 0 0 0 0 2 0 0 1 0 0 0 
0 2 0 0 0 0 2 0 0 0 0 0 0 0 0 0 0 0 0 0 
0 0 0 0 2 0 0 0 0 0 0 0 2 0 0 0 0 2 0 0 
0 0 2 0 0 0 0 0 0 0 0 0 0 0 0 1 0 0 0 0 
2 0 2 2 0 0 0 0 0 0 2 0 0 0 2 0 0 0 0 0 
0 0 0 0 2 0 0 0 2 0 0 0 0 0 1 0 0 0 0 0 
0 1 0 2 1 0 0 0 0 0 0 0 2 1 0 0 0 1 0 0 
0 0 0 0 0 0 0 0 0 0 0 1 0 0 0 0 0 0 2 0 
0 0 0 0 0 1 0 0 1 0 0 0 0 0 0 0 0 0 0 2 
0 2 0 0 0 0 0 0 0 0 2 0 0 0 1 0 0 0 0 0 
0 0 0 0 0 0 0 0 0 0 0 0 0 0 0 2 0 0 0 0 
0 0 0 0 0 1 0 0 0 0 0 0 0 0 0 0 2 0 0 0 

N=20
X: 
9 9 7 1 9 9 9 9 9 1 9 9 5 9 9 9 4 9 6 9 
E: 
0 0 0 0 0 2 0 2 0 0 0 0 0 0 0 0 0 0 0 0 
0 0 0 0 0 0 0 0 0 0 0 0 0 0 0 1 0 0 0 1 
0 0 0 0 0 0 0 2 2 0 2 0 0 0 0 0 0 0 0 0 
0 0 0 0 0 0 0 0 0 0 0 0 0 0 0 0 0 0 0 0 
0 0 0 0 0 0 0 0 0 0 0 0 1 2 0 1 0 0 0 0 
2 0 0 0 0 0 0 0 0 0 0 0 1 0 0 0 0 0 0 0 
0 0 0 0 0 0 0 0 0 0 0 0 0 0 0 0 0 0 0 1 
2 0 2 0 0 0 0 0 2 0 0 0 0 0 2 0 2 0 0 0 
0 0 2 0 0 0 0 2 0 0 0 0 0 0 0 0 0 0 0 0 
0 0 0 0 0 0 0 0 0 0 0 2 0 0 0 0 0 0 0 0 
0 0 2 0 0 0 0 0 0 0 0 0 0 0 2 0 0 0 0 0 
0 0 0 0 0 0 0 0 0 2 0 0 0 2 0 0 0 2 2 0 
0 0 0 0 1 1 0 0 0 0 0 0 0 0 0 0 0 0 0 0 
0 0 0 0 2 0 0 0 0 0 0 2 0 0 0 0 0 2 2 0 
0 0 0 0 0 0 0 2 0 0 2 0 0 0 0 1 0 0 0 0 
0 1 0 0 1 0 0 0 0 0 0 0 0 0 1 0 0 0 0 0 
0 0 0 0 0 0 0 2 0 0 0 0 0 0 0 0 0 2 0 0 
0 0 0 0 0 0 0 0 0 0 0 2 0 2 0 0 2 0 2 0 
0 0 0 0 0 0 0 0 0 0 0 2 0 2 0 0 0 2 0 0 
0 1 0 0 0 0 1 0 0 0 0 0 0 0 0 0 0 0 0 0 

N=16
X: 
9 1 3 2 1 3 2 3 1 2 9 9 2 9 2 1 
E: 
0 0 2 0 0 2 2 2 0 0 2 2 2 2 2 0 
0 0 0 0 0 0 0 0 0 0 0 0 0 2 0 0 
2 0 0 0 0 0 0 0 0 0 0 2 0 2 0 0 
0 0 0 0 0 0 0 0 0 0 0 2 0 2 0 0 
0 0 0 0 0 0 0 0 0 0 0 0 0 2 0 0 
2 0 0 0 0 0 0 0 0 0 0 2 0 2 0 0 
2 0 0 0 0 0 0 0 0 0 0 2 0 2 0 0 
2 0 0 0 0 0 0 0 0 0 0 2 0 2 0 0 
0 0 0 0 0 0 0 0 0 0 0 0 0 2 0 0 
0 0 0 0 0 0 0 0 0 0 0 2 0 2 0 0 
2 0 0 0 0 0 0 0 0 0 0 2 0 2 0 0 
2 0 2 2 0 2 2 2 0 2 2 0 0 2 2 0 
2 0 0 0 0 0 0 0 0 0 0 0 0 2 0 0 
2 2 2 2 2 2 2 2 2 2 2 2 2 0 2 2 
2 0 0 0 0 0 0 0 0 0 0 2 0 2 0 0 
0 0 0 0 0 0 0 0 0 0 0 0 0 2 0 0 

N=20
X: 
9 9 9 9 9 9 9 9 5 9 9 9 9 2 9 2 4 9 9 9 
E: 
0 0 0 0 0 0 0 0 0 0 1 0 0 0 0 0 1 0 0 0 
0 0 0 0 0 0 0 2 0 0 0 0 0 0 0 0 0 2 0 0 
0 0 0 0 0 0 0 0 0 0 0 0 0 2 2 0 0 0 0 2 
0 0 0 0 0 0 0 0 0 0 0 2 0 0 0 0 0 0 2 0 
0 0 0 0 0 0 0 0 0 0 0 0 0 0 0 0 0 0 2 2 
0 0 0 0 0 0 0 0 0 2 0 0 0 0 0 0 0 0 2 0 
0 0 0 0 0 0 0 2 0 0 0 0 0 0 0 0 0 2 2 0 
0 2 0 0 0 0 2 0 0 0 0 0 0 0 2 0 0 0 0 0 
0 0 0 0 0 0 0 0 0 0 0 0 0 0 2 0 2 0 0 0 
0 0 0 0 0 2 0 0 0 0 0 0 0 0 0 2 0 0 2 0 
1 0 0 0 0 0 0 0 0 0 0 0 0 0 2 0 0 0 0 2 
0 0 0 2 0 0 0 0 0 0 0 0 0 0 1 0 0 2 0 0 
0 0 0 0 0 0 0 0 0 0 0 0 0 0 2 0 0 0 2 2 
0 0 2 0 0 0 0 0 0 0 0 0 0 0 0 0 0 0 0 0 
0 0 2 0 0 0 0 2 2 0 2 1 2 0 0 0 0 0 0 2 
0 0 0 0 0 0 0 0 0 2 0 0 0 0 0 0 0 0 0 0 
1 0 0 0 0 0 0 0 2 0 0 0 0 0 0 0 0 0 0 0 
0 2 0 0 0 0 2 0 0 0 0 2 0 0 0 0 0 0 2 0 
0 0 0 2 2 2 2 0 0 2 0 0 2 0 0 0 0 2 0 0 
0 0 2 0 2 0 0 0 0 0 2 0 2 0 2 0 0 0 0 0 

N=20
X: 
9 9 9 9 9 9 1 1 9 9 9 9 9 9 9 9 9 9 9 9 
E: 
0 0 2 0 0 0 0 0 0 2 0 2 0 0 0 2 0 0 0 0 
0 0 0 0 0 0 0 0 0 0 0 0 0 0 0 0 2 0 0 2 
2 0 0 1 0 1 0 0 0 0 0 0 0 0 0 0 0 0 0 0 
0 0 1 0 0 0 0 0 0 1 0 0 0 0 0 0 0 0 0 0 
0 0 0 0 0 0 0 0 2 0 2 0 0 0 0 2 2 2 2 0 
0 0 1 0 0 0 0 0 0 0 0 0 1 0 0 0 0 0 0 0 
0 0 0 0 0 0 0 0 0 0 0 0 0 0 0 0 2 0 0 0 
0 0 0 0 0 0 0 0 0 0 0 0 0 0 0 0 2 0 0 0 
0 0 0 0 2 0 0 0 0 0 0 0 0 0 0 0 0 2 0 0 
2 0 0 1 0 0 0 0 0 0 0 2 0 0 0 0 0 0 0 2 
0 0 0 0 2 0 0 0 0 0 0 0 0 0 0 0 0 0 2 0 
2 0 0 0 0 0 0 0 0 2 0 0 2 0 0 0 0 0 0 0 
0 0 0 0 0 1 0 0 0 0 0 2 0 2 0 0 0 0 0 0 
0 0 0 0 0 0 0 0 0 0 0 0 2 0 0 2 0 0 2 2 
0 0 0 0 0 0 0 0 0 0 0 0 0 0 0 2 2 0 2 0 
2 0 0 0 2 0 0 0 0 0 0 0 0 2 2 0 2 0 0 2 
0 2 0 0 2 0 2 2 0 0 0 0 0 0 2 2 0 0 0 0 
0 0 0 0 2 0 0 0 2 0 0 0 0 0 0 0 0 0 0 0 
0 0 0 0 2 0 0 0 0 0 2 0 0 2 2 0 0 0 0 2 
0 2 0 0 0 0 0 0 0 2 0 0 0 2 0 2 0 0 2 0 

N=20
X: 
9 9 8 9 9 9 9 1 9 9 9 9 9 9 9 9 9 9 9 9 
E: 
0 0 0 0 2 2 0 0 2 0 0 0 0 0 2 0 0 0 0 0 
0 0 0 0 0 0 0 0 0 0 0 2 0 2 0 0 0 0 0 0 
0 0 0 1 0 0 2 0 0 0 0 0 0 0 0 0 0 0 1 0 
0 0 1 0 0 0 0 0 2 2 0 0 0 0 0 0 0 0 0 0 
2 0 0 0 0 0 0 0 0 0 0 0 0 2 0 0 2 0 0 0 
2 0 0 0 0 0 0 0 2 0 0 0 0 0 0 2 0 0 0 0 
0 0 2 0 0 0 0 0 0 0 0 0 0 0 0 0 0 0 1 0 
0 0 0 0 0 0 0 0 0 0 0 0 0 0 0 0 0 0 2 0 
2 0 0 2 0 2 0 0 0 0 0 0 0 0 0 0 0 2 0 0 
0 0 0 2 0 0 0 0 0 0 0 0 1 0 0 0 2 0 0 0 
0 0 0 0 0 0 0 0 0 0 0 0 2 0 0 2 0 2 0 0 
0 2 0 0 0 0 0 0 0 0 0 0 0 0 0 0 0 0 0 2 
0 0 0 0 0 0 0 0 0 1 2 0 0 0 0 2 0 2 1 1 
0 2 0 0 2 0 0 0 0 0 0 0 0 0 0 0 0 0 0 0 
2 0 0 0 0 0 0 0 0 0 0 0 0 0 0 0 0 0 0 2 
0 0 0 0 0 2 0 0 0 0 2 0 2 0 0 0 0 2 0 0 
0 0 0 0 2 0 0 0 0 2 0 0 0 0 0 0 0 0 0 0 
0 0 0 0 0 0 0 0 2 0 2 0 2 0 0 2 0 0 0 0 
0 0 1 0 0 0 1 2 0 0 0 0 1 0 0 0 0 0 0 0 
0 0 0 0 0 0 0 0 0 0 0 2 1 0 2 0 0 0 0 0 

N=20
X: 
3 1 9 1 9 9 8 9 2 9 9 9 9 6 9 9 9 9 9 9 
E: 
0 0 0 0 0 0 0 0 0 0 1 0 0 0 0 0 0 0 0 0 
0 0 0 0 0 0 0 0 0 0 0 0 0 0 0 2 0 0 0 0 
0 0 0 0 2 0 0 1 0 0 0 0 0 1 0 0 0 0 2 0 
0 0 0 0 0 0 0 0 0 0 0 0 0 0 0 0 0 0 0 1 
0 0 2 0 0 0 0 1 0 2 0 0 0 0 0 0 0 2 0 2 
0 0 0 0 0 0 0 0 0 0 0 0 0 0 2 0 0 0 0 0 
0 0 0 0 0 0 0 0 0 0 0 0 0 0 0 0 0 0 0 1 
0 0 1 0 1 0 0 0 0 2 0 0 0 0 0 0 1 0 1 0 
0 0 0 0 0 0 0 0 0 0 0 0 0 0 0 1 0 0 0 0 
0 0 0 0 2 0 0 2 0 0 0 0 0 0 0 0 0 0 0 0 
1 0 0 0 0 0 0 0 0 0 0 0 0 0 0 0 0 0 2 0 
0 0 0 0 0 0 0 0 0 0 0 0 2 0 0 2 0 0 0 0 
0 0 0 0 0 0 0 0 0 0 0 2 0 0 2 0 0 0 0 0 
0 0 1 0 0 0 0 0 0 0 0 0 0 0 0 0 0 0 0 2 
0 0 0 0 0 2 0 0 0 0 0 0 2 0 0 0 0 0 0 0 
0 2 0 0 0 0 0 0 1 0 0 2 0 0 0 0 0 2 0 0 
0 0 0 0 0 0 0 1 0 0 0 0 0 0 0 0 0 0 2 0 
0 0 0 0 2 0 0 0 0 0 0 0 0 0 0 2 0 0 0 0 
0 0 2 0 0 0 0 1 0 0 2 0 0 0 0 0 2 0 0 0 
0 0 0 1 2 0 1 0 0 0 0 0 0 2 0 0 0 0 0 0 

N=20
X: 
9 9 9 9 9 9 9 2 9 9 9 9 9 9 9 9 9 9 9 9 
E: 
0 2 0 0 0 0 0 0 0 0 0 0 0 0 0 0 0 0 1 0 
2 0 1 1 0 0 1 0 0 0 0 0 0 0 0 2 0 2 0 2 
0 1 0 0 0 0 1 0 0 0 1 0 0 0 1 1 0 1 0 1 
0 1 0 0 0 0 2 0 0 0 0 0 2 0 0 0 0 0 0 2 
0 0 0 0 0 0 2 0 0 0 0 0 0 0 2 0 0 2 0 2 
0 0 0 0 0 0 2 0 0 0 0 0 0 0 0 0 0 0 0 2 
0 1 1 2 2 2 0 0 0 0 2 0 2 0 0 0 0 0 0 2 
0 0 0 0 0 0 0 0 0 0 0 0 0 0 0 0 0 1 0 0 
0 0 0 0 0 0 0 0 0 1 0 0 0 0 0 2 0 0 0 0 
0 0 0 0 0 0 0 0 1 0 0 0 0 0 0 0 1 0 0 0 
0 0 1 0 0 0 2 0 0 0 0 2 0 0 2 2 0 2 0 0 
0 0 0 0 0 0 0 0 0 0 2 0 0 2 0 2 0 2 0 2 
0 0 0 2 0 0 2 0 0 0 0 0 0 0 0 0 2 0 0 0 
0 0 0 0 0 0 0 0 0 0 0 2 0 0 0 0 0 0 0 2 
0 0 1 0 2 0 0 0 0 0 2 0 0 0 0 0 0 0 0 0 
0 2 1 0 0 0 0 0 2 0 2 2 0 0 0 0 0 2 0 2 
0 0 0 0 0 0 0 0 0 1 0 0 2 0 0 0 0 0 2 0 
0 2 1 0 2 0 0 1 0 0 2 2 0 0 0 2 0 0 0 2 
1 0 0 0 0 0 0 0 0 0 0 0 0 0 0 0 2 0 0 2 
0 2 1 2 2 2 2 0 0 0 0 2 0 2 0 2 0 2 2 0 

N=20
X: 
9 9 1 9 9 9 9 9 9 4 9 9 9 9 9 9 9 9 9 9 
E: 
0 2 0 0 2 0 0 0 0 0 0 0 2 0 0 0 0 0 0 0 
2 0 0 0 0 2 0 2 0 0 0 0 2 0 0 0 0 0 0 0 
0 0 0 0 0 0 0 0 0 0 0 0 0 0 0 0 0 2 0 0 
0 0 0 0 0 2 0 2 0 0 0 0 0 0 2 0 0 0 0 0 
2 0 0 0 0 0 0 0 0 0 0 0 2 0 0 0 0 0 0 2 
0 2 0 2 0 0 0 0 0 0 0 2 0 2 0 0 2 0 0 2 
0 0 0 0 0 0 0 0 2 2 2 2 0 0 0 2 0 0 2 0 
0 2 0 2 0 0 0 0 0 0 0 0 0 0 0 0 0 0 0 0 
0 0 0 0 0 0 2 0 0 2 2 2 0 0 0 2 0 0 2 0 
0 0 0 0 0 0 2 0 2 0 0 0 0 0 0 0 0 0 0 0 
0 0 0 0 0 0 2 0 2 0 0 2 0 0 0 2 0 0 2 0 
0 0 0 0 0 2 2 0 2 0 2 0 2 0 0 2 0 0 2 2 
2 2 0 0 2 0 0 0 0 0 0 2 0 0 0 0 0 0 0 2 
0 0 0 0 0 2 0 0 0 0 0 0 0 0 0 0 0 2 0 0 
0 0 0 2 0 0 0 0 0 0 0 0 0 0 0 0 2 0 0 1 
0 0 0 0 0 0 2 0 2 0 2 2 0 0 0 0 0 0 2 0 
0 0 0 0 0 2 0 0 0 0 0 0 0 0 2 0 0 2 0 2 
0 0 2 0 0 0 0 0 0 0 0 0 0 2 0 0 2 0 0 0 
0 0 0 0 0 0 2 0 2 0 2 2 0 0 0 2 0 0 0 0 
0 0 0 0 2 2 0 0 0 0 0 2 2 0 1 0 2 0 0 0 

N=20
X: 
9 2 9 9 9 9 9 9 9 9 9 9 9 9 9 9 9 2 9 9 
E: 
0 2 0 0 0 0 0 0 0 2 0 0 2 0 0 0 0 0 0 0 
2 0 0 0 0 0 0 0 0 0 0 0 0 0 0 0 0 0 0 0 
0 0 0 0 2 0 0 2 0 0 0 2 0 0 0 2 0 0 0 2 
0 0 0 0 0 0 0 0 0 0 0 0 2 0 0 0 2 0 0 0 
0 0 2 0 0 0 2 0 0 0 2 0 0 0 0 2 0 0 0 2 
0 0 0 0 0 0 0 0 0 0 0 0 2 0 2 0 0 0 0 0 
0 0 0 0 2 0 0 2 0 0 2 0 0 0 0 2 0 0 0 2 
0 0 2 0 0 0 2 0 2 0 2 2 0 0 0 2 0 0 0 0 
0 0 0 0 0 0 0 2 0 0 2 2 0 0 0 0 0 0 0 0 
2 0 0 0 0 0 0 0 0 0 0 0 0 0 2 0 0 2 2 0 
0 0 0 0 2 0 2 2 2 0 0 0 0 0 0 0 0 0 0 0 
0 0 2 0 0 0 0 2 2 0 0 0 0 2 0 0 0 0 0 0 
2 0 0 2 0 2 0 0 0 0 0 0 0 0 0 0 0 2 0 0 
0 0 0 0 0 0 0 0 0 0 0 2 0 0 0 2 2 0 0 0 
0 0 0 0 0 2 0 0 0 2 0 0 0 0 0 0 0 0 0 0 
0 0 2 0 2 0 2 2 0 0 0 0 0 2 0 0 0 0 0 0 
0 0 0 2 0 0 0 0 0 0 0 0 0 2 0 0 0 0 0 0 
0 0 0 0 0 0 0 0 0 2 0 0 2 0 0 0 0 0 0 0 
0 0 0 0 0 0 0 0 0 2 0 0 0 0 0 0 0 0 0 2 
0 0 2 0 2 0 2 0 0 0 0 0 0 0 0 0 0 0 2 0 

N=20
X: 
9 1 1 9 1 1 1 9 9 9 8 9 9 9 7 9 9 9 9 9 
E: 
0 0 0 2 0 0 0 0 0 0 0 0 0 0 0 0 0 2 0 0 
0 0 0 0 0 0 0 0 2 0 0 0 0 0 0 0 0 0 0 0 
0 0 0 0 0 0 0 0 2 0 0 0 0 0 0 0 0 0 0 0 
2 0 0 0 0 0 0 0 0 0 0 0 0 0 0 0 0 2 0 0 
0 0 0 0 0 0 0 0 2 0 0 0 0 0 0 0 0 0 0 0 
0 0 0 0 0 0 0 0 0 0 0 0 0 0 0 0 0 0 0 2 
0 0 0 0 0 0 0 0 0 0 0 0 0 0 0 0 0 0 0 2 
0 0 0 0 0 0 0 0 0 0 0 0 0 2 0 1 0 0 0 0 
0 2 2 0 2 0 0 0 0 0 0 2 0 0 2 0 0 0 0 0 
0 0 0 0 0 0 0 0 0 0 0 0 2 0 0 0 2 0 0 2 
0 0 0 0 0 0 0 0 0 0 0 2 0 0 0 0 0 0 0 1 
0 0 0 0 0 0 0 0 2 0 2 0 0 2 0 0 0 0 0 0 
0 0 0 0 0 0 0 0 0 2 0 0 0 0 0 0 2 0 0 0 
0 0 0 0 0 0 0 2 0 0 0 2 0 0 0 0 0 0 0 0 
0 0 0 0 0 0 0 0 2 0 0 0 0 0 0 0 0 0 2 0 
0 0 0 0 0 0 0 1 0 0 0 0 0 0 0 0 0 0 0 1 
0 0 0 0 0 0 0 0 0 2 0 0 2 0 0 0 0 0 2 0 
2 0 0 2 0 0 0 0 0 0 0 0 0 0 0 0 0 0 0 0 
0 0 0 0 0 0 0 0 0 0 0 0 0 0 2 0 2 0 0 0 
0 0 0 0 0 2 2 0 0 2 1 0 0 0 0 1 0 0 0 0 

N=20
X: 
9 9 9 9 9 9 9 9 9 3 9 9 9 9 9 9 9 1 9 9 
E: 
0 0 0 0 0 0 0 0 0 0 0 0 0 0 0 0 0 0 0 1 
0 0 0 0 0 0 2 0 0 0 0 0 2 0 0 0 0 0 0 0 
0 0 0 0 0 0 2 0 0 0 0 0 0 0 0 0 0 0 0 2 
0 0 0 0 0 0 0 0 0 0 0 2 0 2 0 0 2 0 0 0 
0 0 0 0 0 0 0 2 2 0 0 0 0 0 0 0 2 0 0 0 
0 0 0 0 0 0 0 1 0 0 2 0 0 0 0 0 0 0 0 0 
0 2 2 0 0 0 0 0 0 0 0 0 0 0 0 0 0 0 0 0 
0 0 0 0 2 1 0 0 0 0 0 0 0 0 2 0 2 0 0 0 
0 0 0 0 2 0 0 0 0 0 0 2 0 0 2 0 2 0 0 0 
0 0 0 0 0 0 0 0 0 0 0 0 0 0 0 0 0 0 2 0 
0 0 0 0 0 2 0 0 0 0 0 0 0 0 2 0 0 0 0 0 
0 0 0 2 0 0 0 0 2 0 0 0 2 0 0 0 0 0 0 0 
0 2 0 0 0 0 0 0 0 0 0 2 0 0 0 0 0 0 0 0 
0 0 0 2 0 0 0 0 0 0 0 0 0 0 0 2 0 0 0 0 
0 0 0 0 0 0 0 2 2 0 2 0 0 0 0 0 0 0 0 0 
0 0 0 0 0 0 0 0 0 0 0 0 0 2 0 0 0 0 2 0 
0 0 0 2 2 0 0 2 2 0 0 0 0 0 0 0 0 2 0 1 
0 0 0 0 0 0 0 0 0 0 0 0 0 0 0 0 2 0 0 0 
0 0 0 0 0 0 0 0 0 2 0 0 0 0 0 2 0 0 0 0 
1 0 2 0 0 0 0 0 0 0 0 0 0 0 0 0 1 0 0 0 

N=20
X: 
2 9 9 9 9 9 9 9 9 9 9 9 9 9 4 8 9 9 9 9 
E: 
0 0 0 0 0 0 0 0 0 0 0 2 0 0 0 0 0 0 0 0 
0 0 2 0 0 0 0 2 0 0 0 0 0 0 0 0 0 0 0 0 
0 2 0 0 0 0 0 2 2 0 0 2 0 0 0 0 0 0 0 0 
0 0 0 0 2 0 0 0 2 0 2 0 0 0 0 0 2 0 0 2 
0 0 0 2 0 0 0 0 0 0 2 0 0 0 0 2 0 0 0 2 
0 0 0 0 0 0 0 0 0 2 0 0 2 0 0 0 0 0 0 0 
0 0 0 0 0 0 0 0 0 0 0 2 0 0 0 2 0 0 2 2 
0 2 2 0 0 0 0 0 0 0 0 0 0 0 0 0 2 0 0 0 
0 0 2 2 0 0 0 0 0 0 0 0 0 0 0 0 0 0 0 0 
0 0 0 0 0 2 0 0 0 0 0 0 0 0 0 0 2 0 0 2 
0 0 0 2 2 0 0 0 0 0 0 0 0 0 2 0 0 2 0 1 
2 0 2 0 0 0 2 0 0 0 0 0 0 0 0 2 0 0 0 0 
0 0 0 0 0 2 0 0 0 0 0 0 0 0 0 0 0 0 0 2 
0 0 0 0 0 0 0 0 0 0 0 0 0 0 0 0 0 2 2 2 
0 0 0 0 0 0 0 0 0 0 2 0 0 0 0 0 0 0 0 0 
0 0 0 0 2 0 2 0 0 0 0 2 0 0 0 0 0 0 0 0 
0 0 0 2 0 0 0 2 0 2 0 0 0 0 0 0 0 0 0 0 
0 0 0 0 0 0 0 0 0 0 2 0 0 2 0 0 0 0 0 2 
0 0 0 0 0 0 2 0 0 0 0 0 0 2 0 0 0 0 0 2 
0 0 0 2 2 0 2 0 0 2 1 0 2 2 0 0 0 2 2 0 

N=20
X: 
9 9 1 9 9 9 9 8 9 9 9 8 9 9 9 9 9 9 9 9 
E: 
0 0 0 0 0 0 1 0 0 0 2 0 1 0 0 0 0 0 0 0 
0 0 0 0 0 2 0 0 2 0 0 0 0 0 0 0 0 0 0 0 
0 0 0 0 0 0 0 2 0 0 0 0 0 0 0 0 0 0 0 0 
0 0 0 0 0 0 0 2 0 0 0 1 0 0 0 0 0 2 0 0 
0 0 0 0 0 0 0 0 0 0 0 0 0 0 0 0 0 2 0 2 
0 2 0 0 0 0 0 0 0 2 2 0 0 0 0 0 0 0 0 0 
1 0 0 0 0 0 0 2 0 0 0 0 0 0 0 0 0 0 0 0 
0 0 2 2 0 0 2 0 0 0 0 0 0 0 0 0 0 0 0 0 
0 2 0 0 0 0 0 0 0 0 0 0 0 0 0 2 0 0 2 0 
0 0 0 0 0 2 0 0 0 0 0 1 0 0 0 0 2 0 0 0 
2 0 0 0 0 2 0 0 0 0 0 0 0 0 0 0 0 0 0 0 
0 0 0 1 0 0 0 0 0 1 0 0 0 0 0 0 0 0 0 0 
1 0 0 0 0 0 0 0 0 0 0 0 0 1 0 0 0 0 0 0 
0 0 0 0 0 0 0 0 0 0 0 0 1 0 0 0 1 0 0 0 
0 0 0 0 0 0 0 0 0 0 0 0 0 0 0 0 0 0 0 2 
0 0 0 0 0 0 0 0 2 0 0 0 0 0 0 0 0 2 2 0 
0 0 0 0 0 0 0 0 0 2 0 0 0 1 0 0 0 0 0 0 
0 0 0 2 2 0 0 0 0 0 0 0 0 0 0 2 0 0 0 0 
0 0 0 0 0 0 0 0 2 0 0 0 0 0 0 2 0 0 0 2 
0 0 0 0 2 0 0 0 0 0 0 0 0 0 2 0 0 0 2 0 

N=20
X: 
9 9 9 9 9 9 9 9 9 6 9 1 9 9 9 9 9 9 8 9 
E: 
0 2 0 0 0 0 0 0 0 0 0 0 0 2 0 0 0 0 0 0 
2 0 0 0 0 0 0 0 0 0 2 0 0 0 0 0 0 0 0 0 
0 0 0 2 0 0 0 1 2 0 0 0 0 0 0 0 0 0 0 0 
0 0 2 0 0 0 0 0 0 2 0 0 0 0 0 0 0 0 0 0 
0 0 0 0 0 0 0 0 2 0 0 0 0 0 0 0 2 0 0 0 
0 0 0 0 0 0 0 0 0 0 0 0 0 0 0 0 0 2 0 0 
0 0 0 0 0 0 0 0 0 2 0 0 2 0 0 0 0 0 0 0 
0 0 1 0 0 0 0 0 0 0 1 0 0 0 0 1 0 0 0 0 
0 0 2 0 2 0 0 0 0 0 0 0 0 0 0 2 0 0 0 0 
0 0 0 2 0 0 2 0 0 0 0 0 0 0 0 0 0 0 0 0 
0 2 0 0 0 0 0 1 0 0 0 0 0 2 0 0 0 0 0 0 
0 0 0 0 0 0 0 0 0 0 0 0 0 0 0 0 0 2 0 0 
0 0 0 0 0 0 2 0 0 0 0 0 0 0 0 0 0 2 2 0 
2 0 0 0 0 0 0 0 0 0 2 0 0 0 0 0 0 0 0 0 
0 0 0 0 0 0 0 0 0 0 0 0 0 0 0 0 1 1 0 0 
0 0 0 0 0 0 0 1 2 0 0 0 0 0 0 0 0 0 0 0 
0 0 0 0 2 0 0 0 0 0 0 0 0 0 1 0 0 0 0 0 
0 0 0 0 0 2 0 0 0 0 0 2 2 0 1 0 0 0 0 0 
0 0 0 0 0 0 0 0 0 0 0 0 2 0 0 0 0 0 0 2 
0 0 0 0 0 0 0 0 0 0 0 0 0 0 0 0 0 0 2 0 

N=20
X: 
9 9 9 9 9 9 9 9 9 9 2 9 9 9 1 9 9 9 9 9 
E: 
0 0 0 0 2 0 0 0 1 0 0 0 0 0 0 0 2 0 0 0 
0 0 2 0 2 0 0 0 0 2 0 0 0 2 0 0 0 0 0 2 
0 2 0 2 0 0 0 0 0 0 0 0 0 0 0 0 0 0 0 0 
0 0 2 0 0 0 0 0 0 0 0 0 2 0 0 0 0 0 0 0 
2 2 0 0 0 0 0 0 1 2 1 0 0 2 0 1 0 0 0 2 
0 0 0 0 0 0 2 0 0 0 0 0 0 0 2 0 0 0 0 0 
0 0 0 0 0 2 0 0 0 0 0 2 0 0 0 0 0 0 0 0 
0 0 0 0 0 0 0 0 0 0 0 2 0 0 0 0 0 0 2 2 
1 0 0 0 1 0 0 0 0 0 0 0 0 0 0 0 0 0 0 0 
0 2 0 0 2 0 0 0 0 0 0 0 0 0 0 0 0 0 0 2 
0 0 0 0 1 0 0 0 0 0 0 0 2 0 0 0 0 0 0 0 
0 0 0 0 0 0 2 2 0 0 0 0 0 2 0 0 0 0 0 0 
0 0 0 2 0 0 0 0 0 0 2 0 0 0 0 1 0 0 0 0 
0 2 0 0 2 0 0 0 0 0 0 2 0 0 0 2 2 2 2 2 
0 0 0 0 0 2 0 0 0 0 0 0 0 0 0 0 0 0 0 0 
0 0 0 0 1 0 0 0 0 0 0 0 1 2 0 0 0 2 2 0 
2 0 0 0 0 0 0 0 0 0 0 0 0 2 0 0 0 0 0 2 
0 0 0 0 0 0 0 0 0 0 0 0 0 2 0 2 0 0 2 0 
0 0 0 0 0 0 0 2 0 0 0 0 0 2 0 2 0 2 0 0 
0 2 0 0 2 0 0 2 0 2 0 0 0 2 0 0 2 0 0 0 

N=20
X: 
9 9 9 1 9 3 9 9 9 2 4 9 9 9 9 1 9 1 2 9 
E: 
0 0 0 0 2 0 0 0 0 0 0 0 0 0 2 0 0 0 0 2 
0 0 0 0 0 0 0 0 1 0 0 0 0 0 0 0 0 0 0 2 
0 0 0 2 0 2 0 0 0 2 0 0 0 0 2 2 0 2 2 0 
0 0 2 0 0 0 0 0 0 0 0 0 0 0 0 0 0 0 0 0 
2 0 0 0 0 0 0 0 0 0 0 0 2 0 0 0 0 0 0 0 
0 0 2 0 0 0 0 0 0 0 0 0 0 0 2 0 0 0 0 0 
0 0 0 0 0 0 0 2 0 0 1 0 0 0 0 0 2 0 0 0 
0 0 0 0 0 0 2 0 0 0 0 0 2 2 0 0 2 0 0 0 
0 1 0 0 0 0 0 0 0 0 0 2 0 0 0 0 0 0 0 0 
0 0 2 0 0 0 0 0 0 0 0 0 0 0 0 0 0 0 2 0 
0 0 0 0 0 0 1 0 0 0 0 1 0 0 0 0 0 0 0 0 
0 0 0 0 0 0 0 0 2 0 1 0 0 0 0 0 2 0 0 0 
0 0 0 0 2 0 0 2 0 0 0 0 0 0 0 0 0 0 0 0 
0 0 0 0 0 0 0 2 0 0 0 0 0 0 0 0 0 0 0 2 
2 0 2 0 0 2 0 0 0 0 0 0 0 0 0 0 0 0 0 0 
0 0 2 0 0 0 0 0 0 0 0 0 0 0 0 0 0 0 0 0 
0 0 0 0 0 0 2 2 0 0 0 2 0 0 0 0 0 0 0 0 
0 0 2 0 0 0 0 0 0 0 0 0 0 0 0 0 0 0 0 0 
0 0 2 0 0 0 0 0 0 2 0 0 0 0 0 0 0 0 0 0 
2 2 0 0 0 0 0 0 0 0 0 0 0 2 0 0 0 0 0 0 

N=20
X: 
9 9 9 9 9 9 9 9 9 9 9 9 9 9 9 9 9 9 9 2 
E: 
0 0 2 2 0 0 2 0 0 2 1 0 2 0 0 0 0 2 0 0 
0 0 0 0 0 0 0 0 0 0 0 0 2 0 0 0 0 2 0 0 
2 0 0 0 0 0 0 2 0 0 0 2 0 2 0 2 0 2 2 0 
2 0 0 0 0 0 0 2 0 0 0 0 0 2 0 0 0 0 2 0 
0 0 0 0 0 0 0 0 0 2 1 0 0 2 0 0 0 1 0 0 
0 0 0 0 0 0 2 2 0 0 0 0 0 0 0 0 0 0 0 0 
2 0 0 0 0 2 0 0 0 2 0 0 0 0 0 0 0 0 0 0 
0 0 2 2 0 2 0 0 0 0 0 0 0 0 0 0 0 0 0 0 
0 0 0 0 0 0 0 0 0 0 0 0 0 0 0 0 0 1 0 0 
2 0 0 0 2 0 2 0 0 0 2 0 0 0 2 2 0 2 0 0 
1 0 0 0 1 0 0 0 0 2 0 0 0 0 0 2 0 2 0 0 
0 0 2 0 0 0 0 0 0 0 0 0 0 0 0 0 2 0 2 0 
2 2 0 0 0 0 0 0 0 0 0 0 0 0 0 0 0 1 0 0 
0 0 2 2 2 0 0 0 0 0 0 0 0 0 0 0 0 2 0 0 
0 0 0 0 0 0 0 0 0 2 0 0 0 0 0 2 0 2 0 0 
0 0 2 0 0 0 0 0 0 2 2 0 0 0 2 0 2 2 0 0 
0 0 0 0 0 0 0 0 0 0 0 2 0 0 0 2 0 0 0 0 
2 2 2 0 1 0 0 0 1 2 2 0 1 2 2 2 0 0 0 0 
0 0 2 2 0 0 0 0 0 0 0 2 0 0 0 0 0 0 0 1 
0 0 0 0 0 0 0 0 0 0 0 0 0 0 0 0 0 0 1 0 

N=20
X: 
9 9 9 9 3 9 9 9 1 9 9 9 9 9 9 9 9 4 1 9 
E: 
0 0 0 2 0 0 0 0 0 0 0 0 0 0 0 0 0 0 0 0 
0 0 0 0 0 0 0 0 0 0 0 2 0 2 0 0 0 1 0 0 
0 0 0 0 0 2 0 0 2 0 0 0 0 0 0 2 2 0 0 0 
2 0 0 0 0 0 2 0 0 0 0 0 0 0 0 0 0 0 0 0 
0 0 0 0 0 0 0 0 0 0 0 0 0 0 2 0 0 0 0 0 
0 0 2 0 0 0 0 0 0 0 1 0 0 0 0 2 2 0 0 0 
0 0 0 2 0 0 0 0 0 1 2 0 0 0 0 0 0 0 0 0 
0 0 0 0 0 0 0 0 0 0 0 1 1 0 0 0 0 0 0 0 
0 0 2 0 0 0 0 0 0 0 0 0 0 0 0 0 0 0 0 0 
0 0 0 0 0 0 1 0 0 0 1 0 0 1 0 0 0 0 0 0 
0 0 0 0 0 1 2 0 0 1 0 0 0 0 0 0 0 0 0 0 
0 2 0 0 0 0 0 1 0 0 0 0 0 0 0 0 0 0 0 2 
0 0 0 0 0 0 0 1 0 0 0 0 0 0 0 0 0 1 0 0 
0 2 0 0 0 0 0 0 0 1 0 0 0 0 0 0 0 0 0 0 
0 0 0 0 2 0 0 0 0 0 0 0 0 0 0 0 2 0 2 0 
0 0 2 0 0 2 0 0 0 0 0 0 0 0 0 0 0 0 0 0 
0 0 2 0 0 2 0 0 0 0 0 0 0 0 2 0 0 0 0 0 
0 1 0 0 0 0 0 0 0 0 0 0 1 0 0 0 0 0 0 1 
0 0 0 0 0 0 0 0 0 0 0 0 0 0 2 0 0 0 0 0 
0 0 0 0 0 0 0 0 0 0 0 2 0 0 0 0 0 1 0 0 

N=20
X: 
9 9 9 5 2 8 9 9 9 9 9 9 9 9 9 9 9 9 9 9 
E: 
0 0 2 0 0 0 0 0 0 0 0 0 0 0 0 2 0 0 0 0 
0 0 0 2 0 0 0 0 0 0 0 0 0 0 0 2 0 0 0 0 
2 0 0 0 0 0 2 0 0 0 0 0 0 1 0 0 0 0 0 0 
0 2 0 0 0 0 0 0 0 0 0 0 0 0 0 0 0 0 0 0 
0 0 0 0 0 0 0 0 0 0 0 0 0 0 0 0 0 2 0 0 
0 0 0 0 0 0 2 0 0 0 0 0 0 0 0 0 2 0 0 0 
0 0 2 0 0 2 0 0 0 0 2 0 0 0 0 2 2 0 0 0 
0 0 0 0 0 0 0 0 0 0 0 1 0 0 2 0 0 0 2 2 
0 0 0 0 0 0 0 0 0 2 0 0 0 0 0 2 0 0 0 0 
0 0 0 0 0 0 0 0 2 0 0 0 0 0 1 0 0 0 0 0 
0 0 0 0 0 0 2 0 0 0 0 0 0 0 0 2 2 0 0 0 
0 0 0 0 0 0 0 1 0 0 0 0 0 0 0 0 0 1 1 0 
0 0 0 0 0 0 0 0 0 0 0 0 0 1 2 0 0 2 0 0 
0 0 1 0 0 0 0 0 0 0 0 0 1 0 0 0 0 0 0 0 
0 0 0 0 0 0 0 2 0 1 0 0 2 0 0 0 0 0 2 0 
2 2 0 0 0 0 2 0 2 0 2 0 0 0 0 0 2 0 0 0 
0 0 0 0 0 2 2 0 0 0 2 0 0 0 0 2 0 0 0 0 
0 0 0 0 2 0 0 0 0 0 0 1 2 0 0 0 0 0 0 2 
0 0 0 0 0 0 0 2 0 0 0 1 0 0 2 0 0 0 0 0 
0 0 0 0 0 0 0 2 0 0 0 0 0 0 0 0 0 2 0 0 

