N=10
X: 
9 6 9 9 9 9 1 9 9 9 
E: 
0 0 0 0 0 0 1 0 1 0 
0 0 2 0 0 0 0 0 0 0 
0 2 0 0 1 0 0 0 2 0 
0 0 0 0 0 2 0 2 0 2 
0 0 1 0 0 0 0 0 0 0 
0 0 0 2 0 0 0 2 0 0 
1 0 0 0 0 0 0 0 0 0 
0 0 0 2 0 2 0 0 2 0 
1 0 2 0 0 0 0 2 0 2 
0 0 0 2 0 0 0 0 2 0 

N=10
X: 
9 1 9 9 5 9 9 9 9 7 
E: 
0 0 0 0 0 0 0 0 2 2 
0 0 0 2 0 0 0 0 0 0 
0 0 0 2 0 0 0 2 0 0 
0 2 2 0 0 0 2 0 0 0 
0 0 0 0 0 0 0 2 0 2 
0 0 0 0 0 0 1 0 0 0 
0 0 0 2 0 1 0 0 0 0 
0 0 2 0 2 0 0 0 0 0 
2 0 0 0 0 0 0 0 0 2 
2 0 0 0 2 0 0 0 2 0 

N=10
X: 
9 9 9 9 9 9 1 2 1 9 
E: 
0 2 0 0 0 0 0 0 2 0 
2 0 0 0 0 2 0 0 0 0 
0 0 0 0 2 0 0 0 0 2 
0 0 0 0 0 0 0 0 0 2 
0 0 2 0 0 1 0 0 0 0 
0 2 0 0 1 0 0 0 0 0 
0 0 0 0 0 0 0 2 0 0 
0 0 0 0 0 0 2 0 0 0 
2 0 0 0 0 0 0 0 0 0 
0 0 2 2 0 0 0 0 0 0 

N=10
X: 
9 9 1 9 9 9 9 9 9 9 
E: 
0 2 0 0 2 0 0 0 2 0 
2 0 0 0 0 2 2 0 2 2 
0 0 0 0 0 0 2 0 0 0 
0 0 0 0 0 0 0 0 2 2 
2 0 0 0 0 2 0 0 2 0 
0 2 0 0 2 0 0 2 2 0 
0 2 2 0 0 0 0 0 0 0 
0 0 0 0 0 2 0 0 2 0 
2 2 0 2 2 2 0 2 0 0 
0 2 0 2 0 0 0 0 0 0 

N=10
X: 
2 1 9 9 5 9 9 9 2 9 
E: 
0 0 0 2 0 0 0 0 0 0 
0 0 0 0 2 0 0 0 0 0 
0 0 0 0 0 2 0 0 0 0 
2 0 0 0 0 0 0 1 0 0 
0 2 0 0 0 2 0 0 0 0 
0 0 2 0 2 0 0 0 0 0 
0 0 0 0 0 0 0 0 0 1 
0 0 0 1 0 0 0 0 0 2 
0 0 0 0 0 0 0 0 0 2 
0 0 0 0 0 0 1 2 2 0 

N=10
X: 
9 7 9 9 9 9 9 9 9 9 
E: 
0 0 0 2 2 0 0 0 0 0 
0 0 0 2 0 0 2 0 0 0 
0 0 0 0 0 2 2 0 2 0 
2 2 0 0 0 2 0 0 0 0 
2 0 0 0 0 0 0 0 0 0 
0 0 2 2 0 0 2 0 0 2 
0 2 2 0 0 2 0 0 0 0 
0 0 0 0 0 0 0 0 2 0 
0 0 2 0 0 0 0 2 0 0 
0 0 0 0 0 2 0 0 0 0 

N=10
X: 
9 9 1 9 9 9 9 1 9 1 
E: 
0 0 2 0 0 0 0 0 2 2 
0 0 0 0 2 0 1 0 2 0 
2 0 0 0 0 0 0 0 0 0 
0 0 0 0 0 2 2 0 2 0 
0 2 0 0 0 0 1 0 0 0 
0 0 0 2 0 0 0 2 0 0 
0 1 0 2 1 0 0 0 0 0 
0 0 0 0 0 2 0 0 0 0 
2 2 0 2 0 0 0 0 0 0 
2 0 0 0 0 0 0 0 0 0 

N=10
X: 
9 9 9 9 9 9 1 9 1 9 
E: 
0 2 2 0 0 2 0 0 0 0 
2 0 0 2 0 0 0 2 0 2 
2 0 0 0 2 0 0 0 0 0 
0 2 0 0 0 2 0 0 2 0 
0 0 2 0 0 0 0 2 0 0 
2 0 0 2 0 0 0 0 0 2 
0 0 0 0 0 0 0 1 0 0 
0 2 0 0 2 0 1 0 0 2 
0 0 0 2 0 0 0 0 0 0 
0 2 0 0 0 2 0 2 0 0 

N=10
X: 
9 7 9 7 9 9 9 9 9 9 
E: 
0 0 2 0 2 2 0 0 0 0 
0 0 0 2 0 0 0 0 0 0 
2 0 0 0 2 2 0 0 1 0 
0 2 0 0 0 2 0 0 2 0 
2 0 2 0 0 0 0 0 1 0 
2 0 2 2 0 0 0 0 0 0 
0 0 0 0 0 0 0 2 0 2 
0 0 0 0 0 0 2 0 0 2 
0 0 1 2 1 0 0 0 0 0 
0 0 0 0 0 0 2 2 0 0 

N=10
X: 
9 9 9 9 9 9 9 9 8 9 
E: 
0 0 0 0 0 0 2 2 0 2 
0 0 0 2 2 2 0 0 0 2 
0 0 0 2 0 0 0 0 0 0 
0 2 2 0 0 0 0 0 0 2 
0 2 0 0 0 0 2 0 2 2 
0 2 0 0 0 0 0 2 0 2 
2 0 0 0 2 0 0 0 0 0 
2 0 0 0 0 2 0 0 0 2 
0 0 0 0 2 0 0 0 0 0 
2 2 0 2 2 2 0 2 0 0 

N=10
X: 
1 9 9 9 9 9 9 2 9 9 
E: 
0 0 0 0 0 0 0 0 0 2 
0 0 0 2 0 2 0 2 0 0 
0 0 0 2 2 0 2 0 1 0 
0 2 2 0 2 0 2 0 1 0 
0 0 2 2 0 0 2 0 0 0 
0 2 0 0 0 0 0 0 0 2 
0 0 2 2 2 0 0 0 2 0 
0 2 0 0 0 0 0 0 0 0 
0 0 1 1 0 0 2 0 0 0 
2 0 0 0 0 2 0 0 0 0 

N=10
X: 
9 9 9 1 9 9 9 9 9 9 
E: 
0 0 2 0 2 1 0 0 0 2 
0 0 0 0 0 0 1 2 1 0 
2 0 0 0 1 2 0 0 0 0 
0 0 0 0 0 0 0 2 0 0 
2 0 1 0 0 2 0 0 0 2 
1 0 2 0 2 0 0 0 0 1 
0 1 0 0 0 0 0 1 0 0 
0 2 0 2 0 0 1 0 0 0 
0 1 0 0 0 0 0 0 0 2 
2 0 0 0 2 1 0 0 2 0 

N=10
X: 
9 9 9 9 9 9 1 9 9 9 
E: 
0 2 0 0 0 0 0 0 0 0 
2 0 0 0 0 2 0 2 0 2 
0 0 0 1 1 0 0 2 0 0 
0 0 1 0 2 0 0 2 0 2 
0 0 1 2 0 0 0 0 2 0 
0 2 0 0 0 0 2 2 0 2 
0 0 0 0 0 2 0 0 0 0 
0 2 2 2 0 2 0 0 0 2 
0 0 0 0 2 0 0 0 0 0 
0 2 0 2 0 2 0 2 0 0 

N=10
X: 
9 9 8 9 9 9 9 9 9 1 
E: 
0 2 1 0 1 0 0 0 0 0 
2 0 0 2 0 0 0 2 0 0 
1 0 0 0 0 0 0 0 0 0 
0 2 0 0 2 0 2 2 0 0 
1 0 0 2 0 0 0 0 0 2 
0 0 0 0 0 0 0 0 2 0 
0 0 0 2 0 0 0 2 0 0 
0 2 0 2 0 0 2 0 2 0 
0 0 0 0 0 2 0 2 0 0 
0 0 0 0 2 0 0 0 0 0 

N=10
X: 
9 9 9 9 9 9 9 9 9 9 
E: 
0 2 2 0 0 0 2 0 0 0 
2 0 2 0 0 2 0 2 0 0 
2 2 0 0 0 2 0 0 0 2 
0 0 0 0 0 0 0 0 0 2 
0 0 0 0 0 2 0 0 0 0 
0 2 2 0 2 0 2 0 0 2 
2 0 0 0 0 2 0 0 2 0 
0 2 0 0 0 0 0 0 0 2 
0 0 0 0 0 0 2 0 0 0 
0 0 2 2 0 2 0 2 0 0 

N=10
X: 
9 9 9 9 9 9 1 9 9 2 
E: 
0 0 2 0 0 0 0 0 0 2 
0 0 0 0 0 2 0 2 2 0 
2 0 0 0 0 0 0 0 0 0 
0 0 0 0 2 0 0 0 2 0 
0 0 0 2 0 0 0 2 0 0 
0 2 0 0 0 0 0 2 0 0 
0 0 0 0 0 0 0 0 0 2 
0 2 0 0 2 2 0 0 2 0 
0 2 0 2 0 0 0 2 0 0 
2 0 0 0 0 0 2 0 0 0 

N=10
X: 
9 9 9 9 9 9 9 9 9 1 
E: 
0 0 0 0 0 2 0 0 1 0 
0 0 0 0 2 0 0 0 1 0 
0 0 0 0 2 0 2 0 0 0 
0 0 0 0 0 0 0 2 2 0 
0 2 2 0 0 0 0 0 0 0 
2 0 0 0 0 0 2 0 0 0 
0 0 2 0 0 2 0 0 0 0 
0 0 0 2 0 0 0 0 0 2 
1 1 0 2 0 0 0 0 0 0 
0 0 0 0 0 0 0 2 0 0 

N=10
X: 
9 9 9 1 9 9 9 9 9 9 
E: 
0 0 0 0 0 0 2 0 2 0 
0 0 0 0 0 1 0 0 0 2 
0 0 0 2 0 0 2 0 0 2 
0 0 2 0 0 0 0 0 0 0 
0 0 0 0 0 0 0 1 0 0 
0 1 0 0 0 0 0 2 0 0 
2 0 2 0 0 0 0 0 0 0 
0 0 0 0 1 2 0 0 0 0 
2 0 0 0 0 0 0 0 0 2 
0 2 2 0 0 0 0 0 2 0 

N=10
X: 
9 9 9 9 9 9 1 9 9 5 
E: 
0 0 0 0 0 2 2 0 0 2 
0 0 2 0 0 2 0 2 0 0 
0 2 0 2 2 0 0 2 0 0 
0 0 2 0 0 0 0 2 0 0 
0 0 2 0 0 0 0 2 0 0 
2 2 0 0 0 0 0 0 0 0 
2 0 0 0 0 0 0 0 0 0 
0 2 2 2 2 0 0 0 0 0 
0 0 0 0 0 0 0 0 0 2 
2 0 0 0 0 0 0 0 2 0 

N=10
X: 
9 9 9 9 9 9 4 9 9 9 
E: 
0 0 2 0 0 0 0 2 0 2 
0 0 0 0 0 2 2 0 0 0 
2 0 0 0 0 2 0 2 0 0 
0 0 0 0 0 0 0 0 0 2 
0 0 0 0 0 0 0 0 2 2 
0 2 2 0 0 0 0 0 0 0 
0 2 0 0 0 0 0 0 2 0 
2 0 2 0 0 0 0 0 1 2 
0 0 0 0 2 0 2 1 0 0 
2 0 0 2 2 0 0 2 0 0 

N=10
X: 
9 9 9 9 9 9 9 9 9 9 
E: 
0 2 0 0 0 0 2 2 0 0 
2 0 0 0 1 0 2 0 1 0 
0 0 0 0 2 2 0 1 0 0 
0 0 0 0 2 0 0 1 0 0 
0 1 2 2 0 0 0 2 0 0 
0 0 2 0 0 0 0 0 0 0 
2 2 0 0 0 0 0 0 1 0 
2 0 1 1 2 0 0 0 0 0 
0 1 0 0 0 0 1 0 0 0 
0 0 0 0 0 0 0 0 0 0 

N=10
X: 
2 9 9 9 9 9 9 9 9 9 
E: 
0 0 0 1 0 0 0 0 0 0 
0 0 1 0 0 2 0 2 0 0 
0 1 0 0 0 0 2 0 0 0 
1 0 0 0 0 0 0 0 2 0 
0 0 0 0 0 2 0 0 0 1 
0 2 0 0 2 0 0 0 0 0 
0 0 2 0 0 0 0 0 0 1 
0 2 0 0 0 0 0 0 0 2 
0 0 0 2 0 0 0 0 0 2 
0 0 0 0 1 0 1 2 2 0 

N=10
X: 
9 9 9 4 9 7 9 3 9 9 
E: 
0 0 0 0 2 0 0 0 0 0 
0 0 0 2 2 0 0 0 0 0 
0 0 0 0 0 0 2 0 0 1 
0 2 0 0 0 2 0 0 0 0 
2 2 0 0 0 2 0 0 0 0 
0 0 0 2 2 0 0 0 0 0 
0 0 2 0 0 0 0 0 2 0 
0 0 0 0 0 0 0 0 0 1 
0 0 0 0 0 0 2 0 0 0 
0 0 1 0 0 0 0 1 0 0 

N=10
X: 
9 9 9 9 9 9 9 9 3 9 
E: 
0 0 2 0 2 0 0 0 0 0 
0 0 0 0 0 2 0 0 0 0 
2 0 0 0 0 0 2 0 0 2 
0 0 0 0 0 0 0 0 0 2 
2 0 0 0 0 0 1 0 0 0 
0 2 0 0 0 0 0 0 0 0 
0 0 2 0 1 0 0 2 0 0 
0 0 0 0 0 0 2 0 2 0 
0 0 0 0 0 0 0 2 0 0 
0 0 2 2 0 0 0 0 0 0 

N=10
X: 
9 9 9 3 9 9 9 1 9 9 
E: 
0 0 2 2 2 0 0 2 0 0 
0 0 0 0 2 2 2 0 2 2 
2 0 0 0 2 2 0 0 0 2 
2 0 0 0 0 0 0 0 0 0 
2 2 2 0 0 0 0 0 0 2 
0 2 2 0 0 0 0 0 0 0 
0 2 0 0 0 0 0 0 2 2 
2 0 0 0 0 0 0 0 0 0 
0 2 0 0 0 0 2 0 0 2 
0 2 2 0 2 0 2 0 2 0 

N=10
X: 
9 9 9 9 9 9 9 1 9 9 
E: 
0 2 0 0 0 0 0 0 2 0 
2 0 0 0 0 2 0 0 0 0 
0 0 0 0 0 0 0 0 2 2 
0 0 0 0 0 2 0 0 2 0 
0 0 0 0 0 0 2 2 0 0 
0 2 0 2 0 0 0 0 0 0 
0 0 0 0 2 0 0 0 0 2 
0 0 0 0 2 0 0 0 0 0 
2 0 2 2 0 0 0 0 0 0 
0 0 2 0 0 0 2 0 0 0 

N=10
X: 
2 9 9 1 9 9 9 9 9 9 
E: 
0 2 0 0 0 0 0 0 0 0 
2 0 0 0 0 0 0 0 0 2 
0 0 0 0 2 0 0 0 2 0 
0 0 0 0 2 0 0 0 0 0 
0 0 2 2 0 0 0 0 0 0 
0 0 0 0 0 0 2 2 0 0 
0 0 0 0 0 2 0 2 0 0 
0 0 0 0 0 2 2 0 0 0 
0 0 2 0 0 0 0 0 0 2 
0 2 0 0 0 0 0 0 2 0 

N=10
X: 
9 1 9 9 9 9 9 9 9 9 
E: 
0 0 0 2 2 2 0 0 0 0 
0 0 2 0 0 0 0 0 0 0 
0 2 0 2 0 2 0 0 0 0 
2 0 2 0 0 2 0 2 0 2 
2 0 0 0 0 0 0 0 0 0 
2 0 2 2 0 0 0 0 2 0 
0 0 0 0 0 0 0 2 0 2 
0 0 0 2 0 0 2 0 0 0 
0 0 0 0 0 2 0 0 0 0 
0 0 0 2 0 0 2 0 0 0 

N=10
X: 
5 9 9 1 9 9 9 9 9 9 
E: 
0 2 0 0 0 0 0 0 0 0 
2 0 0 1 0 1 0 0 0 0 
0 0 0 0 2 0 1 2 2 2 
0 1 0 0 0 0 0 0 0 0 
0 0 2 0 0 0 0 2 2 2 
0 1 0 0 0 0 2 0 0 0 
0 0 1 0 0 2 0 2 0 0 
0 0 2 0 2 0 2 0 2 2 
0 0 2 0 2 0 0 2 0 2 
0 0 2 0 2 0 0 2 2 0 

N=10
X: 
9 9 2 9 9 9 9 9 6 9 
E: 
0 0 0 1 2 0 0 0 0 0 
0 0 0 0 0 0 2 0 0 0 
0 0 0 0 0 0 0 0 0 1 
1 0 0 0 0 0 0 0 0 0 
2 0 0 0 0 1 0 0 1 0 
0 0 0 0 1 0 0 0 0 0 
0 2 0 0 0 0 0 2 0 0 
0 0 0 0 0 0 2 0 2 0 
0 0 0 0 1 0 0 2 0 0 
0 0 1 0 0 0 0 0 0 0 

N=10
X: 
9 9 1 9 2 9 9 8 1 9 
E: 
0 1 0 2 0 0 2 0 0 0 
1 0 0 2 0 0 2 0 0 2 
0 0 0 0 0 0 0 2 0 0 
2 2 0 0 0 0 0 2 0 2 
0 0 0 0 0 2 0 0 0 0 
0 0 0 0 2 0 2 0 2 0 
2 2 0 0 0 2 0 0 0 0 
0 0 2 2 0 0 0 0 0 0 
0 0 0 0 0 2 0 0 0 0 
0 2 0 2 0 0 0 0 0 0 

N=10
X: 
9 9 9 9 9 9 9 9 9 9 
E: 
0 2 0 0 0 2 0 2 2 0 
2 0 0 0 0 0 0 0 0 2 
0 0 0 2 2 2 0 0 0 0 
0 0 2 0 0 0 2 0 0 2 
0 0 2 0 0 0 0 0 0 0 
2 0 2 0 0 0 0 0 0 0 
0 0 0 2 0 0 0 2 0 0 
2 0 0 0 0 0 2 0 0 0 
2 0 0 0 0 0 0 0 0 2 
0 2 0 2 0 0 0 0 2 0 

N=10
X: 
9 9 9 9 9 9 9 9 9 9 
E: 
0 0 0 2 2 2 2 0 0 0 
0 0 2 0 2 2 2 2 2 2 
0 2 0 2 0 2 2 0 0 2 
2 0 2 0 0 0 0 0 2 0 
2 2 0 0 0 0 2 2 2 2 
2 2 2 0 0 0 2 0 2 0 
2 2 2 0 2 2 0 0 0 0 
0 2 0 0 2 0 0 0 2 2 
0 2 0 2 2 2 0 2 0 2 
0 2 2 0 2 0 0 2 2 0 

N=10
X: 
9 9 9 1 9 9 9 3 5 9 
E: 
0 0 0 0 0 2 2 2 0 0 
0 0 0 0 0 0 0 0 0 2 
0 0 0 0 2 0 2 0 0 0 
0 0 0 0 0 0 0 0 0 2 
0 0 2 0 0 0 0 0 0 0 
2 0 0 0 0 0 2 0 0 0 
2 0 2 0 0 2 0 0 2 2 
2 0 0 0 0 0 0 0 0 0 
0 0 0 0 0 0 2 0 0 0 
0 2 0 2 0 0 2 0 0 0 

N=10
X: 
9 9 1 9 9 9 9 9 9 9 
E: 
0 2 0 0 0 0 0 2 0 0 
2 0 0 0 0 0 0 2 0 0 
0 0 0 2 0 0 0 0 0 0 
0 0 2 0 0 0 2 2 0 0 
0 0 0 0 0 0 0 1 2 2 
0 0 0 0 0 0 0 0 0 2 
0 0 0 2 0 0 0 0 2 2 
2 2 0 2 1 0 0 0 0 0 
0 0 0 0 2 0 2 0 0 0 
0 0 0 0 2 2 2 0 0 0 

N=10
X: 
9 9 9 9 9 9 9 9 5 1 
E: 
0 0 0 2 2 0 2 0 2 0 
0 0 0 0 0 0 0 2 0 0 
0 0 0 2 2 0 0 2 0 0 
2 0 2 0 2 2 0 2 0 0 
2 0 2 2 0 2 0 2 0 0 
0 0 0 2 2 0 2 2 0 0 
2 0 0 0 0 2 0 0 0 0 
0 2 2 2 2 2 0 0 0 0 
2 0 0 0 0 0 0 0 0 2 
0 0 0 0 0 0 0 0 2 0 

N=10
X: 
1 9 9 1 9 9 9 9 9 9 
E: 
0 0 0 0 0 0 0 2 0 0 
0 0 2 0 0 0 0 0 0 0 
0 2 0 0 2 2 0 0 2 0 
0 0 0 0 0 2 0 0 0 0 
0 0 2 0 0 0 0 0 0 2 
0 0 2 2 0 0 0 0 0 2 
0 0 0 0 0 0 0 2 2 0 
2 0 0 0 0 0 2 0 0 0 
0 0 2 0 0 0 2 0 0 2 
0 0 0 0 2 2 0 0 2 0 

N=10
X: 
1 9 9 9 9 4 9 9 9 9 
E: 
0 0 0 0 0 0 2 0 0 0 
0 0 0 0 2 0 0 2 2 0 
0 0 0 0 0 0 2 0 0 2 
0 0 0 0 0 2 0 0 2 0 
0 2 0 0 0 2 0 0 0 0 
0 0 0 2 2 0 0 0 0 0 
2 0 2 0 0 0 0 0 0 0 
0 2 0 0 0 0 0 0 0 2 
0 2 0 2 0 0 0 0 0 2 
0 0 2 0 0 0 0 2 2 0 

N=10
X: 
1 9 1 9 9 9 1 9 1 9 
E: 
0 0 0 0 0 0 0 2 0 0 
0 0 0 2 0 2 0 0 0 2 
0 0 0 0 1 0 0 0 0 0 
0 2 0 0 2 0 0 0 0 2 
0 0 1 2 0 2 0 0 0 2 
0 2 0 0 2 0 0 0 0 0 
0 0 0 0 0 0 0 2 0 0 
2 0 0 0 0 0 2 0 0 0 
0 0 0 0 0 0 0 0 0 2 
0 2 0 2 2 0 0 0 2 0 

N=10
X: 
9 9 9 9 9 9 9 9 9 9 
E: 
0 2 1 0 2 0 2 2 2 0 
2 0 0 0 0 0 0 2 2 1 
1 0 0 2 0 0 0 0 0 0 
0 0 2 0 2 0 2 2 0 0 
2 0 0 2 0 0 0 0 0 2 
0 0 0 0 0 0 0 0 0 0 
2 0 0 2 0 0 0 0 0 0 
2 2 0 2 0 0 0 0 0 2 
2 2 0 0 0 0 0 0 0 0 
0 1 0 0 2 0 0 2 0 0 

N=10
X: 
9 9 4 9 9 9 9 9 1 9 
E: 
0 1 0 2 2 2 0 0 0 0 
1 0 0 2 0 0 0 2 0 1 
0 0 0 0 0 0 0 2 0 0 
2 2 0 0 0 0 0 0 1 0 
2 0 0 0 0 1 2 0 0 0 
2 0 0 0 1 0 0 0 0 0 
0 0 0 0 2 0 0 0 0 2 
0 2 2 0 0 0 0 0 0 0 
0 0 0 1 0 0 0 0 0 0 
0 1 0 0 0 0 2 0 0 0 

N=10
X: 
9 9 9 2 9 9 9 9 9 9 
E: 
0 0 0 2 2 0 0 0 0 0 
0 0 2 0 0 0 2 0 0 0 
0 2 0 0 0 0 0 0 0 0 
2 0 0 0 0 0 0 0 0 0 
2 0 0 0 0 0 2 0 0 0 
0 0 0 0 0 0 0 2 2 0 
0 2 0 0 2 0 0 2 0 2 
0 0 0 0 0 2 2 0 2 0 
0 0 0 0 0 2 0 2 0 0 
0 0 0 0 0 0 2 0 0 0 

N=10
X: 
9 9 9 9 9 2 9 9 1 1 
E: 
0 1 0 1 0 0 0 0 0 0 
1 0 0 1 0 0 0 0 0 0 
0 0 0 0 0 0 2 0 0 0 
1 1 0 0 0 0 0 2 0 0 
0 0 0 0 0 0 0 2 0 0 
0 0 0 0 0 0 2 0 0 0 
0 0 2 0 0 2 0 0 2 2 
0 0 0 2 2 0 0 0 0 0 
0 0 0 0 0 0 2 0 0 0 
0 0 0 0 0 0 2 0 0 0 

N=10
X: 
9 9 9 9 9 9 9 2 9 9 
E: 
0 0 0 0 0 1 0 0 0 2 
0 0 0 0 2 0 0 0 0 2 
0 0 0 0 0 0 0 0 2 0 
0 0 0 0 2 0 2 0 2 0 
0 2 0 2 0 0 0 0 0 2 
1 0 0 0 0 0 0 0 0 0 
0 0 0 2 0 0 0 1 2 2 
0 0 0 0 0 0 1 0 0 0 
0 0 2 2 0 0 2 0 0 0 
2 2 0 0 2 0 2 0 0 0 

N=10
X: 
6 9 1 9 9 9 9 9 9 9 
E: 
0 0 0 0 0 0 0 0 2 0 
0 0 0 2 2 2 0 0 0 0 
0 0 0 0 0 0 0 0 0 2 
0 2 0 0 0 0 0 0 0 0 
0 2 0 0 0 0 0 0 2 0 
0 2 0 0 0 0 0 1 0 0 
0 0 0 0 0 0 0 0 2 2 
0 0 0 0 0 1 0 0 0 0 
2 0 0 0 2 0 2 0 0 0 
0 0 2 0 0 0 2 0 0 0 

N=10
X: 
9 1 3 9 9 9 7 9 9 9 
E: 
0 0 0 0 2 2 0 0 2 0 
0 0 0 0 0 2 0 0 0 0 
0 0 0 0 0 0 0 2 0 0 
0 0 0 0 0 0 2 2 0 2 
2 0 0 0 0 2 0 0 0 0 
2 2 0 0 2 0 2 0 0 2 
0 0 0 2 0 2 0 0 0 0 
0 0 2 2 0 0 0 0 0 0 
2 0 0 0 0 0 0 0 0 2 
0 0 0 2 0 2 0 0 2 0 

N=10
X: 
9 9 9 9 9 9 1 9 9 9 
E: 
0 2 2 0 2 2 0 0 0 2 
2 0 2 2 1 0 0 0 2 2 
2 2 0 2 2 2 0 2 0 2 
0 2 2 0 2 2 0 0 0 2 
2 1 2 2 0 2 2 2 0 2 
2 0 2 2 2 0 0 0 2 0 
0 0 0 0 2 0 0 0 0 0 
0 0 2 0 2 0 0 0 0 0 
0 2 0 0 0 2 0 0 0 0 
2 2 2 2 2 0 0 0 0 0 

N=10
X: 
9 6 9 9 9 9 9 9 3 9 
E: 
0 2 0 0 2 0 0 0 0 0 
2 0 0 0 0 0 0 0 0 0 
0 0 0 0 0 2 2 0 0 2 
0 0 0 0 0 0 2 2 0 0 
2 0 0 0 0 2 0 0 0 0 
0 0 2 0 2 0 0 0 0 0 
0 0 2 2 0 0 0 0 0 0 
0 0 0 2 0 0 0 0 2 0 
0 0 0 0 0 0 0 2 0 0 
0 0 2 0 0 0 0 0 0 0 

N=10
X: 
2 9 9 9 9 9 9 9 2 9 
E: 
0 0 0 0 2 0 0 0 0 0 
0 0 2 0 0 0 0 0 1 0 
0 2 0 0 0 0 0 2 0 0 
0 0 0 0 0 0 0 0 0 2 
2 0 0 0 0 0 2 0 0 0 
0 0 0 0 0 0 2 2 0 2 
0 0 0 0 2 2 0 0 0 0 
0 0 2 0 0 2 0 0 0 2 
0 1 0 0 0 0 0 0 0 0 
0 0 0 2 0 2 0 2 0 0 

N=10
X: 
9 9 9 2 9 9 9 9 3 9 
E: 
0 0 2 0 2 0 0 0 0 2 
0 0 0 0 0 0 0 2 2 2 
2 0 0 0 0 0 0 0 0 0 
0 0 0 0 0 2 0 0 0 0 
2 0 0 0 0 2 0 0 0 2 
0 0 0 2 2 0 2 0 0 0 
0 0 0 0 0 2 0 0 0 0 
0 2 0 0 0 0 0 0 0 0 
0 2 0 0 0 0 0 0 0 0 
2 2 0 0 2 0 0 0 0 0 

N=10
X: 
2 9 9 9 9 9 9 1 9 9 
E: 
0 0 0 0 0 0 0 0 0 2 
0 0 0 0 2 0 2 0 2 0 
0 0 0 0 2 0 2 0 2 0 
0 0 0 0 0 2 0 0 0 2 
0 2 2 0 0 0 0 0 2 0 
0 0 0 2 0 0 2 2 0 0 
0 2 2 0 0 2 0 0 0 0 
0 0 0 0 0 2 0 0 0 0 
0 2 2 0 2 0 0 0 0 0 
2 0 0 2 0 0 0 0 0 0 

N=10
X: 
9 1 9 9 9 9 5 9 9 9 
E: 
0 0 2 2 0 0 0 0 0 2 
0 0 0 0 0 0 0 2 0 0 
2 0 0 0 0 0 0 0 2 0 
2 0 0 0 0 2 0 0 0 0 
0 0 0 0 0 0 2 2 0 2 
0 0 0 2 0 0 0 2 0 0 
0 0 0 0 2 0 0 0 0 0 
0 2 0 0 2 2 0 0 0 0 
0 0 2 0 0 0 0 0 0 0 
2 0 0 0 2 0 0 0 0 0 

N=10
X: 
9 9 9 9 9 9 9 9 9 9 
E: 
0 0 0 2 0 0 0 0 0 0 
0 0 0 2 2 2 2 0 2 2 
0 0 0 2 0 2 0 2 2 2 
2 2 2 0 0 2 0 0 1 0 
0 2 0 0 0 0 2 0 0 2 
0 2 2 2 0 0 0 0 0 0 
0 2 0 0 2 0 0 1 1 0 
0 0 2 0 0 0 1 0 0 0 
0 2 2 1 0 0 1 0 0 0 
0 2 2 0 2 0 0 0 0 0 

N=10
X: 
6 9 9 9 9 9 9 9 9 9 
E: 
0 0 0 2 0 0 0 0 0 0 
0 0 0 2 0 2 0 0 2 2 
0 0 0 0 2 0 0 0 0 0 
2 2 0 0 0 0 0 2 0 0 
0 0 2 0 0 2 0 0 2 0 
0 2 0 0 2 0 0 0 0 0 
0 0 0 0 0 0 0 0 0 2 
0 0 0 2 0 0 0 0 0 2 
0 2 0 0 2 0 0 0 0 0 
0 2 0 0 0 0 2 2 0 0 

N=10
X: 
9 9 9 9 9 9 2 9 9 9 
E: 
0 0 0 1 2 0 0 0 0 0 
0 0 0 0 0 0 0 2 2 0 
0 0 0 0 0 2 2 0 0 2 
1 0 0 0 0 0 0 0 2 0 
2 0 0 0 0 0 0 0 2 0 
0 0 2 0 0 0 0 2 0 0 
0 0 2 0 0 0 0 0 0 0 
0 2 0 0 0 2 0 0 0 0 
0 2 0 2 2 0 0 0 0 0 
0 0 2 0 0 0 0 0 0 0 

N=10
X: 
9 9 2 9 2 9 9 9 9 9 
E: 
0 2 0 2 0 0 0 2 0 0 
2 0 0 0 0 0 2 0 0 2 
0 0 0 0 0 2 0 0 0 0 
2 0 0 0 0 2 0 2 0 0 
0 0 0 0 0 0 0 0 0 2 
0 0 2 2 0 0 0 2 0 0 
0 2 0 0 0 0 0 0 0 0 
2 0 0 2 0 2 0 0 2 0 
0 0 0 0 0 0 0 2 0 2 
0 2 0 0 2 0 0 0 2 0 

N=10
X: 
9 9 9 9 9 9 9 9 9 1 
E: 
0 0 0 2 0 2 0 2 2 2 
0 0 2 0 2 0 2 0 2 0 
0 2 0 0 2 0 0 0 2 0 
2 0 0 0 0 0 0 0 2 0 
0 2 2 0 0 0 0 0 0 0 
2 0 0 0 0 0 2 0 1 0 
0 2 0 0 0 2 0 2 0 0 
2 0 0 0 0 0 2 0 0 0 
2 2 2 2 0 1 0 0 0 0 
2 0 0 0 0 0 0 0 0 0 

N=10
X: 
9 9 9 2 9 9 9 9 1 9 
E: 
0 2 0 0 0 0 2 0 0 2 
2 0 0 0 2 0 2 0 0 2 
0 0 0 0 0 2 0 0 0 0 
0 0 0 0 0 0 0 0 0 2 
0 2 0 0 0 0 0 2 0 0 
0 0 2 0 0 0 0 2 0 0 
2 2 0 0 0 0 0 0 0 2 
0 0 0 0 2 2 0 0 0 0 
0 0 0 0 0 0 0 0 0 1 
2 2 0 2 0 0 2 0 1 0 

N=10
X: 
9 9 9 9 1 9 9 9 9 9 
E: 
0 0 0 1 0 0 0 0 1 0 
0 0 2 0 0 1 1 0 0 1 
0 2 0 0 0 0 0 0 0 2 
1 0 0 0 0 2 0 0 0 2 
0 0 0 0 0 0 0 2 0 0 
0 1 0 2 0 0 1 0 0 1 
0 1 0 0 0 1 0 0 0 1 
0 0 0 0 2 0 0 0 0 0 
1 0 0 0 0 0 0 0 0 0 
0 1 2 2 0 1 1 0 0 0 

N=10
X: 
1 2 9 9 9 9 9 9 9 9 
E: 
0 0 0 0 0 0 0 0 2 0 
0 0 0 0 0 0 0 0 1 0 
0 0 0 0 0 0 1 0 2 2 
0 0 0 0 0 0 0 2 0 0 
0 0 0 0 0 2 2 2 0 0 
0 0 0 0 2 0 0 0 2 0 
0 0 1 0 2 0 0 0 0 0 
0 0 0 2 2 0 0 0 0 1 
2 1 2 0 0 2 0 0 0 0 
0 0 2 0 0 0 0 1 0 0 

N=10
X: 
3 9 9 9 9 9 9 9 9 9 
E: 
0 0 0 0 0 0 0 0 2 0 
0 0 0 0 0 0 0 2 2 0 
0 0 0 2 0 2 2 2 0 0 
0 0 2 0 2 2 0 2 0 2 
0 0 0 2 0 2 0 2 0 2 
0 0 2 2 2 0 2 2 0 2 
0 0 2 0 0 2 0 0 0 0 
0 2 2 2 2 2 0 0 0 2 
2 2 0 0 0 0 0 0 0 0 
0 0 0 2 2 2 0 2 0 0 

N=10
X: 
9 9 4 2 9 9 9 9 9 9 
E: 
0 0 0 0 0 0 2 0 2 0 
0 0 0 0 0 0 0 2 2 0 
0 0 0 0 0 0 0 0 0 2 
0 0 0 0 0 0 0 0 0 2 
0 0 0 0 0 0 0 2 2 0 
0 0 0 0 0 0 0 2 0 0 
2 0 0 0 0 0 0 0 0 2 
0 2 0 0 2 2 0 0 0 0 
2 2 0 0 2 0 0 0 0 0 
0 0 2 2 0 0 2 0 0 0 

N=10
X: 
2 9 9 9 9 9 1 1 9 9 
E: 
0 0 0 0 0 2 0 0 0 0 
0 0 0 0 0 2 0 0 0 2 
0 0 0 1 2 0 0 0 2 0 
0 0 1 0 1 0 0 0 0 0 
0 0 2 1 0 0 2 0 0 2 
2 2 0 0 0 0 0 0 1 0 
0 0 0 0 2 0 0 0 0 0 
0 0 0 0 0 0 0 0 0 2 
0 0 2 0 0 1 0 0 0 0 
0 2 0 0 2 0 0 2 0 0 

N=10
X: 
1 9 9 9 9 9 9 9 9 9 
E: 
0 0 0 0 0 0 0 2 0 0 
0 0 0 0 2 0 0 0 1 0 
0 0 0 0 0 2 0 2 0 0 
0 0 0 0 0 0 0 2 0 2 
0 2 0 0 0 0 1 0 0 0 
0 0 2 0 0 0 0 2 0 0 
0 0 0 0 1 0 0 2 0 2 
2 0 2 2 0 2 2 0 0 2 
0 1 0 0 0 0 0 0 0 0 
0 0 0 2 0 0 2 2 0 0 

N=10
X: 
1 9 9 9 9 9 9 9 9 9 
E: 
0 2 0 0 0 0 0 0 0 0 
2 0 2 2 2 0 0 0 0 0 
0 2 0 0 2 2 0 0 0 2 
0 2 0 0 2 0 2 2 2 0 
0 2 2 2 0 2 0 0 0 0 
0 0 2 0 2 0 1 0 0 0 
0 0 0 2 0 1 0 2 0 0 
0 0 0 2 0 0 2 0 0 0 
0 0 0 2 0 0 0 0 0 0 
0 0 2 0 0 0 0 0 0 0 

N=10
X: 
9 9 9 9 9 1 9 9 9 9 
E: 
0 0 0 0 0 2 0 0 0 0 
0 0 2 0 0 0 0 0 0 1 
0 2 0 2 2 0 0 0 2 0 
0 0 2 0 0 0 1 0 1 0 
0 0 2 0 0 0 0 0 2 2 
2 0 0 0 0 0 0 0 0 0 
0 0 0 1 0 0 0 2 0 1 
0 0 0 0 0 0 2 0 0 2 
0 0 2 1 2 0 0 0 0 1 
0 1 0 0 2 0 1 2 1 0 

N=10
X: 
9 5 9 9 9 9 9 9 9 9 
E: 
0 2 0 0 0 0 2 0 0 2 
2 0 0 0 0 0 0 0 0 0 
0 0 0 0 2 2 0 2 0 0 
0 0 0 0 0 0 2 2 0 0 
0 0 2 0 0 0 0 2 2 0 
0 0 2 0 0 0 0 0 0 0 
2 0 0 2 0 0 0 2 0 0 
0 0 2 2 2 0 2 0 2 0 
0 0 0 0 2 0 0 2 0 2 
2 0 0 0 0 0 0 0 2 0 

N=10
X: 
2 9 9 9 9 9 9 9 9 1 
E: 
0 2 2 0 0 0 0 0 0 0 
2 0 0 0 0 2 0 0 0 2 
2 0 0 2 0 0 0 0 2 0 
0 0 2 0 0 2 0 0 0 0 
0 0 0 0 0 2 2 2 0 0 
0 2 0 2 2 0 0 2 0 0 
0 0 0 0 2 0 0 2 2 0 
0 0 0 0 2 2 2 0 0 0 
0 0 2 0 0 0 2 0 0 0 
0 2 0 0 0 0 0 0 0 0 

N=10
X: 
9 9 9 9 9 9 2 3 9 1 
E: 
0 0 0 2 0 2 0 0 2 0 
0 0 0 2 2 0 2 0 0 0 
0 0 0 2 0 0 0 0 0 2 
2 2 2 0 0 0 0 2 0 0 
0 2 0 0 0 2 0 0 0 0 
2 0 0 0 2 0 0 0 2 0 
0 2 0 0 0 0 0 0 0 0 
0 0 0 2 0 0 0 0 0 0 
2 0 0 0 0 2 0 0 0 0 
0 0 2 0 0 0 0 0 0 0 

N=10
X: 
9 9 9 9 9 9 9 9 9 5 
E: 
0 0 2 0 0 0 0 0 0 0 
0 0 0 2 0 0 0 0 0 0 
2 0 0 2 0 0 0 0 2 2 
0 2 2 0 0 0 2 0 2 2 
0 0 0 0 0 0 2 0 0 0 
0 0 0 0 0 0 0 2 0 0 
0 0 0 2 2 0 0 0 2 0 
0 0 0 0 0 2 0 0 2 0 
0 0 2 2 0 0 2 2 0 2 
0 0 2 2 0 0 0 0 2 0 

N=10
X: 
9 9 9 9 9 9 9 9 9 9 
E: 
0 0 2 0 2 0 0 0 1 0 
0 0 2 0 2 0 1 0 0 2 
2 2 0 0 0 2 1 0 0 1 
0 0 0 0 2 0 2 0 0 2 
2 2 0 2 0 0 2 0 0 0 
0 0 2 0 0 0 0 0 2 1 
0 1 1 2 2 0 0 2 0 0 
0 0 0 0 0 0 2 0 1 0 
1 0 0 0 0 2 0 1 0 0 
0 2 1 2 0 1 0 0 0 0 

N=10
X: 
9 9 9 9 9 9 9 9 9 1 
E: 
0 2 0 0 2 0 0 0 0 2 
2 0 0 2 0 0 0 0 0 0 
0 0 0 0 2 1 0 2 0 0 
0 2 0 0 0 0 0 1 2 0 
2 0 2 0 0 0 0 0 0 0 
0 0 1 0 0 0 1 0 1 0 
0 0 0 0 0 1 0 0 0 0 
0 0 2 1 0 0 0 0 1 0 
0 0 0 2 0 1 0 1 0 0 
2 0 0 0 0 0 0 0 0 0 

N=10
X: 
9 9 9 4 9 9 1 3 9 9 
E: 
0 0 2 0 2 2 0 0 1 2 
0 0 0 2 0 2 1 1 2 0 
2 0 0 0 2 2 0 0 0 2 
0 2 0 0 0 0 0 0 0 0 
2 0 2 0 0 0 0 0 0 2 
2 2 2 0 0 0 0 0 0 2 
0 1 0 0 0 0 0 0 0 0 
0 1 0 0 0 0 0 0 0 0 
1 2 0 0 0 0 0 0 0 0 
2 0 2 0 2 2 0 0 0 0 

N=10
X: 
9 9 5 4 9 2 3 9 2 9 
E: 
0 2 0 0 0 0 0 2 0 0 
2 0 2 0 0 2 0 0 0 0 
0 2 0 0 0 0 0 0 0 0 
0 0 0 0 0 0 0 2 0 0 
0 0 0 0 0 0 2 2 0 0 
0 2 0 0 0 0 0 0 0 2 
0 0 0 0 2 0 0 0 2 0 
2 0 0 2 2 0 0 0 0 2 
0 0 0 0 0 0 2 0 0 0 
0 0 0 0 0 2 0 2 0 0 

N=10
X: 
9 9 9 1 9 9 9 9 9 9 
E: 
0 0 0 0 2 2 2 2 2 2 
0 0 0 2 0 0 0 2 2 0 
0 0 0 0 0 0 0 0 2 0 
0 2 0 0 0 0 0 0 0 0 
2 0 0 0 0 2 0 2 0 2 
2 0 0 0 2 0 2 2 0 2 
2 0 0 0 0 2 0 2 0 0 
2 2 0 0 2 2 2 0 0 2 
2 2 2 0 0 0 0 0 0 0 
2 0 0 0 2 2 0 2 0 0 

N=10
X: 
9 9 1 9 3 9 9 1 9 9 
E: 
0 2 0 2 0 2 0 0 0 2 
2 0 0 2 0 0 0 0 0 0 
0 0 0 2 0 0 0 0 0 0 
2 2 2 0 2 0 0 0 0 2 
0 0 0 2 0 2 0 0 0 0 
2 0 0 0 2 0 2 0 2 0 
0 0 0 0 0 2 0 0 0 0 
0 0 0 0 0 0 0 0 2 0 
0 0 0 0 0 2 0 2 0 0 
2 0 0 2 0 0 0 0 0 0 

N=10
X: 
9 2 9 9 9 9 9 9 9 9 
E: 
0 0 2 0 0 0 0 0 2 0 
0 0 0 0 0 0 2 0 0 0 
2 0 0 0 0 0 2 0 0 0 
0 0 0 0 2 0 0 2 0 0 
0 0 0 2 0 0 0 1 0 0 
0 0 0 0 0 0 0 2 0 2 
0 2 2 0 0 0 0 0 0 0 
0 0 0 2 1 2 0 0 0 0 
2 0 0 0 0 0 0 0 0 0 
0 0 0 0 0 2 0 0 0 0 

N=10
X: 
9 9 9 9 9 9 9 9 9 9 
E: 
0 0 2 0 0 2 0 2 0 2 
0 0 0 2 0 0 2 0 0 2 
2 0 0 2 0 2 0 0 0 2 
0 2 2 0 0 2 0 2 0 0 
0 0 0 0 0 0 0 0 0 0 
2 0 2 2 0 0 0 2 0 1 
0 2 0 0 0 0 0 0 2 1 
2 0 0 2 0 2 0 0 0 0 
0 0 0 0 0 0 2 0 0 0 
2 2 2 0 0 1 1 0 0 0 

N=10
X: 
9 9 9 9 1 9 9 9 9 9 
E: 
0 2 0 0 0 2 2 0 0 0 
2 0 0 0 0 0 0 2 0 0 
0 0 0 2 2 0 0 0 0 0 
0 0 2 0 0 2 0 0 0 0 
0 0 2 0 0 0 0 0 0 0 
2 0 0 2 0 0 0 0 0 0 
2 0 0 0 0 0 0 0 2 0 
0 2 0 0 0 0 0 0 2 2 
0 0 0 0 0 0 2 2 0 0 
0 0 0 0 0 0 0 2 0 0 

N=10
X: 
9 9 9 9 9 9 1 9 9 9 
E: 
0 0 2 0 0 2 0 0 0 0 
0 0 1 0 2 0 0 0 2 0 
2 1 0 2 0 0 0 0 0 0 
0 0 2 0 0 0 2 2 2 0 
0 2 0 0 0 0 0 0 0 2 
2 0 0 0 0 0 0 0 0 0 
0 0 0 2 0 0 0 0 0 0 
0 0 0 2 0 0 0 0 0 2 
0 2 0 2 0 0 0 0 0 0 
0 0 0 0 2 0 0 2 0 0 

N=10
X: 
9 9 9 9 1 9 9 9 9 9 
E: 
0 0 0 0 0 2 0 0 0 0 
0 0 2 1 0 0 0 1 2 0 
0 2 0 0 0 2 0 2 2 2 
0 1 0 0 0 0 0 1 0 0 
0 0 0 0 0 0 0 0 0 0 
2 0 2 0 0 0 0 2 2 2 
0 0 0 0 0 0 0 2 0 2 
0 1 2 1 0 2 2 0 2 2 
0 2 2 0 0 2 0 2 0 0 
0 0 2 0 0 2 2 2 0 0 

N=10
X: 
9 9 9 9 1 9 9 9 9 1 
E: 
0 0 2 0 0 0 0 2 1 0 
0 0 0 2 0 0 2 2 0 0 
2 0 0 2 0 2 0 2 2 1 
0 2 2 0 2 2 0 0 0 0 
0 0 0 2 0 0 0 0 0 0 
0 0 2 2 0 0 0 0 2 0 
0 2 0 0 0 0 0 2 0 0 
2 2 2 0 0 0 2 0 0 0 
1 0 2 0 0 2 0 0 0 0 
0 0 1 0 0 0 0 0 0 0 

N=10
X: 
9 9 9 9 9 9 9 9 9 9 
E: 
0 0 0 0 2 2 0 2 0 0 
0 0 0 0 0 0 0 0 0 2 
0 0 0 2 2 0 0 0 2 0 
0 0 2 0 2 2 0 0 2 2 
2 0 2 2 0 0 0 2 0 0 
2 0 0 2 0 0 0 0 0 0 
0 0 0 0 0 0 0 0 0 2 
2 0 0 0 2 0 0 0 2 2 
0 0 2 2 0 0 0 2 0 2 
0 2 0 2 0 0 2 2 2 0 

N=10
X: 
9 9 9 9 9 1 9 9 9 3 
E: 
0 0 0 0 0 0 1 2 0 0 
0 0 0 0 0 0 1 1 1 0 
0 0 0 2 2 0 0 0 2 0 
0 0 2 0 0 2 0 0 0 0 
0 0 2 0 0 0 1 0 1 0 
0 0 0 2 0 0 0 0 0 0 
1 1 0 0 1 0 0 1 2 1 
2 1 0 0 0 0 1 0 0 2 
0 1 2 0 1 0 2 0 0 1 
0 0 0 0 0 0 1 2 1 0 

N=10
X: 
2 9 9 9 1 9 9 9 4 9 
E: 
0 0 0 0 0 2 0 0 0 0 
0 0 0 0 0 2 2 0 0 2 
0 0 0 2 0 0 0 2 0 0 
0 0 2 0 0 0 0 0 2 0 
0 0 0 0 0 2 0 0 0 0 
2 2 0 0 2 0 0 0 0 0 
0 2 0 0 0 0 0 0 0 2 
0 0 2 0 0 0 0 0 2 0 
0 0 0 2 0 0 0 2 0 0 
0 2 0 0 0 0 2 0 0 0 

N=10
X: 
5 2 1 9 9 9 9 9 2 9 
E: 
0 0 0 0 0 0 0 0 0 2 
0 0 0 0 0 2 0 0 2 0 
0 0 0 0 0 2 0 0 0 0 
0 0 0 0 2 0 2 2 0 0 
0 0 0 2 0 0 2 0 0 0 
0 2 2 0 0 0 0 2 0 0 
0 0 0 2 2 0 0 0 0 2 
0 0 0 2 0 2 0 0 0 0 
0 2 0 0 0 0 0 0 0 0 
2 0 0 0 0 0 2 0 0 0 

N=10
X: 
3 9 3 9 3 9 9 7 1 2 
E: 
0 0 0 2 0 0 2 0 0 0 
0 0 0 2 0 0 2 0 0 0 
0 0 0 0 0 0 0 2 0 0 
2 2 0 0 0 0 2 0 0 0 
0 0 0 0 0 2 0 2 0 0 
0 0 0 0 2 0 0 2 2 2 
2 2 0 2 0 0 0 0 0 0 
0 0 2 0 2 2 0 0 0 0 
0 0 0 0 0 2 0 0 0 0 
0 0 0 0 0 2 0 0 0 0 

N=10
X: 
9 2 9 9 9 9 9 7 9 9 
E: 
0 2 0 2 0 0 2 0 0 0 
2 0 0 0 0 2 0 0 0 0 
0 0 0 0 2 0 0 0 0 0 
2 0 0 0 0 0 0 0 0 2 
0 0 2 0 0 0 0 0 0 0 
0 2 0 0 0 0 2 2 1 1 
2 0 0 0 0 2 0 0 0 0 
0 0 0 0 0 2 0 0 2 2 
0 0 0 0 0 1 0 2 0 0 
0 0 0 2 0 1 0 2 0 0 

N=10
X: 
9 9 9 9 9 9 9 9 9 9 
E: 
0 2 0 2 0 0 0 0 0 0 
2 0 0 0 2 0 0 0 0 0 
0 0 0 0 0 2 0 2 2 2 
2 0 0 0 0 0 2 1 2 0 
0 2 0 0 0 0 0 0 2 0 
0 0 2 0 0 0 0 0 0 0 
0 0 0 2 0 0 0 2 2 0 
0 0 2 1 0 0 2 0 0 0 
0 0 2 2 2 0 2 0 0 2 
0 0 2 0 0 0 0 0 2 0 

N=10
X: 
9 9 9 9 9 9 1 9 9 9 
E: 
0 0 0 0 0 2 2 2 0 0 
0 0 0 0 0 2 0 0 2 0 
0 0 0 1 0 0 0 0 0 0 
0 0 1 0 0 0 0 0 0 0 
0 0 0 0 0 0 0 0 2 0 
2 2 0 0 0 0 0 0 2 0 
2 0 0 0 0 0 0 0 0 0 
2 0 0 0 0 0 0 0 0 2 
0 2 0 0 2 2 0 0 0 0 
0 0 0 0 0 0 0 2 0 0 

N=10
X: 
9 9 9 9 2 9 9 9 9 9 
E: 
0 0 2 0 2 0 2 0 0 0 
0 0 0 0 0 0 2 0 2 2 
2 0 0 0 0 2 0 2 0 0 
0 0 0 0 0 0 0 2 0 2 
2 0 0 0 0 0 0 0 0 0 
0 0 2 0 0 0 0 0 2 2 
2 2 0 0 0 0 0 0 0 0 
0 0 2 2 0 0 0 0 0 0 
0 2 0 0 0 2 0 0 0 0 
0 2 0 2 0 2 0 0 0 0 

N=10
X: 
9 9 7 9 9 9 9 9 2 9 
E: 
0 0 0 0 2 0 0 0 0 0 
0 0 0 0 0 0 2 0 0 2 
0 0 0 0 0 0 0 0 2 2 
0 0 0 0 0 0 2 2 0 0 
2 0 0 0 0 2 0 0 0 0 
0 0 0 0 2 0 0 0 0 0 
0 2 0 2 0 0 0 2 0 0 
0 0 0 2 0 0 2 0 0 0 
0 0 2 0 0 0 0 0 0 0 
0 2 2 0 0 0 0 0 0 0 

N=10
X: 
9 9 9 9 9 9 3 9 9 9 
E: 
0 2 2 2 0 2 0 0 1 2 
2 0 2 1 0 2 0 2 0 0 
2 2 0 0 0 2 0 2 0 0 
2 1 0 0 0 0 0 2 0 2 
0 0 0 0 0 0 0 2 0 0 
2 2 2 0 0 0 0 0 0 0 
0 0 0 0 0 0 0 0 2 0 
0 2 2 2 2 0 0 0 0 0 
1 0 0 0 0 0 2 0 0 2 
2 0 0 2 0 0 0 0 2 0 

N=10
X: 
9 9 9 1 3 1 3 9 9 9 
E: 
0 2 0 0 0 0 0 0 2 0 
2 0 2 0 0 0 0 0 2 0 
0 2 0 0 0 0 2 2 0 2 
0 0 0 0 0 0 0 0 2 0 
0 0 0 0 0 0 0 0 0 1 
0 0 0 0 0 0 2 2 0 0 
0 0 2 0 0 2 0 2 0 0 
0 0 2 0 0 2 2 0 0 2 
2 2 0 2 0 0 0 0 0 0 
0 0 2 0 1 0 0 2 0 0 

N=10
X: 
9 9 9 9 9 9 9 9 9 1 
E: 
0 0 0 0 0 0 0 0 2 0 
0 0 2 0 0 0 0 0 0 2 
0 2 0 0 0 0 2 0 0 0 
0 0 0 0 2 0 0 0 1 0 
0 0 0 2 0 0 0 1 0 0 
0 0 0 0 0 0 0 2 2 0 
0 0 2 0 0 0 0 0 1 0 
0 0 0 0 1 2 0 0 0 0 
2 0 0 1 0 2 1 0 0 0 
0 2 0 0 0 0 0 0 0 0 

N=10
X: 
9 9 9 9 9 9 9 9 9 9 
E: 
0 0 2 2 2 0 0 2 0 0 
0 0 0 0 0 2 0 0 2 0 
2 0 0 0 2 2 2 2 0 0 
2 0 0 0 0 0 0 0 0 0 
2 0 2 0 0 0 0 2 0 2 
0 2 2 0 0 0 2 0 0 0 
0 0 2 0 0 2 0 0 0 0 
2 0 2 0 2 0 0 0 0 0 
0 2 0 0 0 0 0 0 0 0 
0 0 0 0 2 0 0 0 0 0 

N=10
X: 
9 9 9 9 9 9 1 9 9 9 
E: 
0 2 2 2 2 0 0 0 0 0 
2 0 0 2 2 2 0 0 0 2 
2 0 0 2 0 0 0 0 0 0 
2 2 2 0 2 0 0 0 0 0 
2 2 0 2 0 0 0 0 0 2 
0 2 0 0 0 0 1 2 0 0 
0 0 0 0 0 1 0 0 0 0 
0 0 0 0 0 2 0 0 1 0 
0 0 0 0 0 0 0 1 0 0 
0 2 0 0 2 0 0 0 0 0 

N=10
X: 
9 9 6 9 9 9 9 9 9 9 
E: 
0 0 1 0 0 0 0 0 2 0 
0 0 0 0 0 0 2 0 0 0 
1 0 0 0 0 0 0 0 0 0 
0 0 0 0 0 2 0 2 0 0 
0 0 0 0 0 2 0 0 2 2 
0 0 0 2 2 0 0 2 0 0 
0 2 0 0 0 0 0 0 0 2 
0 0 0 2 0 2 0 0 0 0 
2 0 0 0 2 0 0 0 0 0 
0 0 0 0 2 0 2 0 0 0 

N=10
X: 
9 9 9 9 9 9 9 9 1 9 
E: 
0 0 0 0 0 0 2 1 2 0 
0 0 0 0 0 0 0 0 0 2 
0 0 0 1 0 0 0 0 0 0 
0 0 1 0 2 2 0 0 0 0 
0 0 0 2 0 0 0 2 0 0 
0 0 0 2 0 0 2 0 0 0 
2 0 0 0 0 2 0 2 0 0 
1 0 0 0 2 0 2 0 0 2 
2 0 0 0 0 0 0 0 0 0 
0 2 0 0 0 0 0 2 0 0 

N=10
X: 
9 9 9 9 9 9 9 9 9 9 
E: 
0 0 0 0 0 0 0 0 2 0 
0 0 0 0 0 0 2 2 0 0 
0 0 0 1 1 0 2 2 2 2 
0 0 1 0 2 0 2 0 0 0 
0 0 1 2 0 0 2 0 2 2 
0 0 0 0 0 0 0 0 0 0 
0 2 2 2 2 0 0 0 2 0 
0 2 2 0 0 0 0 0 0 0 
2 0 2 0 2 0 2 0 0 0 
0 0 2 0 2 0 0 0 0 0 

